0202030202020202
0202020202020202
0202020302010102
0202020201020202
0203030402020101
0202020202020202
0203030304030303
0202020202020202
0202020302020101
0202020302020202
0202020202020203
0202020202020202
0303030302020202
0202020202030303
0202020302020202
0202020201010202
0202010202020202
0302020202020202
0202020202020302
0303020202020202
0202020203040303
0202020202020202
0202020203020202
0202020202020201
0202020202030202
0202020202020202
0202020202020202
0202020202020202
0202020203030202
0202020202010202
0202020203020202
0202020202020202
0202020202020202
0202030302020202
0202020202020202
0202030202020101
0202010102020202
0202030302020101
0202020202020202
0202020304030303
0102020202020202
0202020202020201
0202020202020202
0202020202020303
0202020202020202
0303030301020202
0202020202030302
0202020202020202
0101020202010202
0202020202020202
0202020202020202
0202020202020303
0303030202020202
0202020203040403
0202020202020202
0202020202020202
0202030202020202
0202020203020202
0202020202020202
0202020202020202
0202020202020202
0202030203020202
0202020202020202
0202020203030202
0202020202020202
0202020202020202
0202030302020202
0202020202020202
0202020302010101
0202010202020202
0203030402020102
0202020202020202
0202030303030303
0101020102020202
0202020202020102
0202020202020202
0202020202020202
0202020202020202
0302030302020202
0202020202030303
0202030202020202
0202020201020102
0202010202020202
0302020202020202
0202020202030302
0303020202020102
0202020204040403
0202020202020202
0202020302030202
0202020202020202
0202020203030202
0202020202020202
0202020202020202
0202020202020202
0202020203020202
0202020202020202
0202020202020202
0202020202020202
0202020202020202
0202030302020202
0202020202020202
0202030202010102
0202010102020202
0203030402020101
0202020202020202
0202020304030303
0201010202020202
0202020202020201
0202020202020202
0202020202020202
0202020202020202
0303030302020202
0202020202020303
0202020202020202
0202020202020202
0202010202020201
0202020202020202
0202020202020302
0303020202020202
0202020204040303
0202020202020202
0202020202020202
0202020202020202
0202020203030202
0202020202020202
0202020202020202
0202020202020202
0202020203020202
0202020202020202
0202020202020202
0202020202020202
0202020202020202
0202030302020202
0202020202020202
0202020302020202
0102010102020202
0202030402020101
0202020202020202
0202020204030303
0202020102020202
0202030202020201
0202030202020202
0202020202020302
0202020202020202
0303030302020202
0202020202030303
0202020202020202
0102020202020202
0202020202020202
0202020202010202
0202020202020302
0303020202020202
0202020204040303
0202020202020202
0202020302020202
0202020202020202
0202020203030202
0202020202020202
0102020202020202
0202020201020202
0203020203020202
0202020202020202
0202020202020202
0202020202020202
0202020202020202
0202030302020202
0202020202020202
0202020302010102
0202010102020202
0202030302020201
0202020202020202
0202020303030203
0201010202020202
0202030202020201
0202020202020202
0202020202020203
0202020202020202
0303030302020202
0202020202030303
0102020202020202
0102020202020202
0202010202020202
0202020202020202
0202020202030302
0303020202020102
0202020204040403
0202020202020202
0202020303030202
0202020202020202
0202020203020202
0202020202020202
0202020202020202
0202020202020202
0202020203020202
0202020202010202
0202020203020202
0202020202020202
0202020202020202
0202030302020202
0202020202020202
0202030202010202
0202010102020202
0203030402020202
0302020202020202
0202030304030203
0201010202020202
0203020202020102
0202020202020203
0202020202020202
0202020202020202
0303030302020202
0202020202030203
0202020302020202
0202020102020202
0202010202020202
0202020202020202
0202020202020302
0302020202020202
0202020204040403
0202020202020202
0202020202020202
0203030202020201
0202020203030202
0202020202020202
0201020202020202
0202020202010202
0202020203020202
0202020202020202
0202020202020202
0202020202020202
0202020202020202
0202030302020202
0202020202020202
0202020302010202
0202010102020202
0203030402010101
0202020202020202
0202020304030303
0101010202020202
0202020202020101
0202020202020202
0202020202020202
0202020202020202
0303030302020202
0202020202030303
0202020202020202
0202020202020202
0202010202020202
0202020202020202
0202020202030302
0303030202020202
0202020204040303
0202020202020202
0202020303020202
0202030202020202
0202020202030202
0202020202030302
0202020202020202
0202020202020202
0202020203020202
0202020202020202
0202020202020202
0202020202020202
0202020202020202
0202030302020202
0202020202020202
0202030201020102
0202020102020202
0202030302020201
0202020202020202
0202020304030303
0201010202020202
0202020202020201
0202020203020302
0202020202030202
0202020202020202
0303030302020202
0202020202030203
0202030202020202
0202020201020202
0202020202020202
0202020202020202
0202020302030302
0303020202020202
0102020204040403
0202020202020202
0202020202020202
0202020202020202
0202020203030202
0202020202020202
0202020202020202
0202020202020202
0202020203020202
0202020202020202
0202020203020202
0202020202020202
0202020202020202
0202020302020202
0202020202020202
0202030202010202
0202010202020202
0203030302020101
0202020202020202
0202020304030303
0101010202020202
0202020302020101
0202020202020202
0202020202030302
0202020202020202
0303030302020202
0202020202030203
0203020202020202
0202020201020202
0202020202020201
0202020202020202
0202020202030302
0303020202020102
0202020204040303
0202020202020202
0202020202030202
0202030202020201
0202020203030202
0202020202020202
0202020202020202
0202020202020202
0202020203020202
0202020202020202
0202020202020202
0202020202020202
0202020202020202
0202020302020202
0202020102020202
0202020202010102
0202020202020202
0203030402020202
0302020202020202
0202020304030303
0101010202020202
0202020202020102
0202020202020202
0202020202020202
0202020202020202
0303030301020202
0202020202020202
0202020202020102
0202020202020202
0202020202020202
0302020202020202
0202020202030202
0303030202020202
0202020203040403
0202020202020202
0202020202020202
0202020202020201
0202020202030202
0202020202020202
0102020202020202
0202020202020202
0202020203020202
0202020202020202
0202020203020202
0202020202020202
0202020202020202
0202030302020202
0202020202020202
0202020202010102
0202010102020202
0202030402020101
0202020202020202
0202020304030303
0201010202020202
0202020202020201
0202020202020202
0202020202020202
0202020202020202
0303030302020202
0202020202030303
0202020202020202
0202020202010202
0202010202020202
0202020202020202
0202020202020302
0303020202020202
0202020204040403
0202020202020202
0202020202020202
0202020202020202
0202020203030202
0202020202020202
0202020202020202
0202020202020202
0202020203020202
0202020202020202
0202020202020202
0202020202020202
0202020202020202
0202030202020202
0202020202020202
0203020202010102
0202020102020202
0203030402020201
0202020202020202
0202020303030303
0202010202020202
0202020302020201
0202020202020202
0202020202020302
0202020202020202
0303030302020202
0202020202020203
0202020302010202
0102020202020202
0202010202020202
0202020202020202
0202020202030302
0303020202010102
0202020204040303
0202020202020202
0102020202030302
0202020202020201
0202020203030202
0202020202020202
0102020202020202
0202020201020202
0202020203020202
0202020202020202
0202020202020202
0202020202020202
0203020202020202
0202030302020202
0202020202020202
0202020202010202
0202020202020202
0303030402010101
0202020202020202
0202020304030303
0201010202020202
0202020202020201
0202020202020202
0202020202020202
0202020202020202
0303030302020202
0202020202020303
0202020202020202
0102020201020202
0202010202020202
0202020202020202
0202020202030302
0303020202010102
0202020204040303
0202020202020202
0202020202020202
0202020202020201
0202020203030202
0202020202020202
0201020202020202
0202020202020202
0202020203020202
0202020202020202
0202020203020202
0202020202020202
0202020202020202
