0303030402020202
0201020202020203
0102020201020202
0202020201020202
0303020302020202
0203030303020203
0303030303030302
0202020203020202
0202020202020102
0202020202020202
0202020203030303
0202020202010102
0303030303030202
0202020302020202
0202020403020202
0202010202020202
0202020202020202
0202020202020202
0202020202020202
0203030302020202
0202020203030303
0202020202020202
0302030302020202
0202020202020202
0202020202020202
0202020202020202
0201010202020202
0202030202020202
0202020202020202
0202020202020202
0202020202020202
0202020202020202
0202020202020202
0303030302020202
0202020202020203
0202020202020202
0202020202020202
0202020202020202
0202030303020202
0303030303030202
0202020203020202
0202020202020201
0303020202020202
0101020203030303
0202020202010202
0303030303030202
0202020202020202
0202020302020202
0201020202020202
0202020202020202
0202020202020202
0202020202020202
0203020303020202
0202020203030302
0202020202020202
0303020302020202
0202020202020203
0202020202020202
0202020202020202
0202020202020202
0302020202020202
0202030202020202
0202020202020202
0202020202020202
0202020102020202
0202020203020202
0303030402020202
0102020202020202
0202020201020202
0202020202020202
0203020202020202
0202030302020203
0203030303030202
0101020203030202
0202020202020202
0303020202020202
0202020203030303
0202020202020202
0203030303020202
0202020202020202
0203030302020202
0202020202020202
0202020202020202
0202020202020202
0202020202020202
0303020302020202
0202020203030302
0202020202020202
0302030302020202
0202020202020203
0202020202020202
0202020202020202
0202020202020202
0202020202020202
0202020202020202
0202020202020202
0202020202020202
0202020202020202
0202020203020202
0303030402020202
0202020202020202
0102020202020202
0202020202020202
0302020202020202
0202030302020202
0203030302030202
0201020203030202
0202020202020202
0303020202020202
0201020203030303
0202020202010102
0203030303030202
0202020202020202
0202020302020202
0202020202020202
0202020202020202
0202020202020202
0202020202020202
0203020302020202
0202020203030302
0202020202020202
0302020202020202
0202020202020202
0202020202020202
0202020202020202
0201020202020202
0202030202020202
0202020202020202
0202020202020202
0202020202020202
0202020202020202
0202020202020202
0303030402020202
0101020202020202
0102020201020202
0202020202020201
0302020302020202
0203030303020202
0303030303030302
0202020203030302
0202020202020201
0302030202020202
0202020203030303
0202020201020102
0304040303020202
0202020202020202
0203020303020202
0201010202020202
0202020202020202
0202020202020202
0202020202020202
0303020202020202
0202020203030302
0202020202020202
0302030302020202
0202020202020202
0202020202020202
0202020202020202
0202020202020202
0302020202020202
0202020202020202
0202020202020202
0202020202020202
0202020102020202
0202020202020202
0303030302020202
0202020202020302
0202020202020202
0202020202020202
0302030302020202
0202030302020203
0303030303030202
0201020203030202
0202020202020202
0303020202020202
0201010203030303
0202020201010102
0204040303030202
0202020202020202
0203020302020202
0202020202020202
0202020202020202
0202020202020202
0202020202020202
0203020202020202
0202020203030303
0202020202020202
0203030302020202
0202020202020203
0202020202020202
0202020202020202
0202020201010202
0202020202020202
0202020202020202
0202020202020202
0202020202020202
0202020202020202
0202020202020202
0303030402020202
0202020202020202
0102020202020202
0202020202020202
0203020302020202
0202030302020303
0203030303030202
0201020203030202
0202020202020202
0203020202020202
0202010203030302
0202020201010102
0203030303030202
0202020202020202
0202030303020202
0202020202020202
0202020202020202
0202020202020202
0202020202020202
0202020203030202
0202020203030303
0202020202020202
0203020202020202
0202020202020202
0202020202020202
0202020202020202
0202020202020202
0202030202020202
0202020202020202
0202020202020202
0202020202020202
0202020202020202
0202020202020202
0303030302020202
0201020202020303
0101020202020202
0202020202020202
0203020302020202
0203030302030302
0203030403030202
0202020303030202
0202020202020202
0303020202020202
0202020203030303
0202020201010102
0303030303030202
0202020202020202
0202030302020202
0202020202020202
0202020202020202
0202020202020202
0202020202020202
0303020303020202
0202020203030302
0202020202020202
0303020302020202
0202020202020203
0202020202020202
0202020202020303
0202020202010202
0302020202020202
0202020202020202
0202020202020202
0202020202020202
0202020202020202
0202020202020202
0303030402020202
0202020202020202
0102020202020202
0202020102020202
0202030302020202
0202030303020202
0203030303030202
0201020203030202
0202020202020202
0302020202020202
0201020203030302
0202020201020102
0203040303030202
0202020202020202
0202030302020202
0202020202020202
0202020202020202
0202020202020202
0202020202020202
0203020302020202
0202020203030302
0202020202020202
0302020302020202
0202020202020202
0202020202020202
0202020202020202
0201010202020202
0202020202020202
0202020202020202
0202020202020202
0202020202020202
0202020202020202
0202020202020202
0303030402020202
0202020202020203
0202020202020202
0202020202020202
0303020202020202
0202020302020203
0203030303030302
0201020303030202
0202020202020202
0303020202020202
0201020203030302
0202020202020202
0203030303030202
0202020202020202
0202030303020202
0202010202020202
0202020202020202
0202020202020202
0202020202020202
0303020302020202
0202020203030303
0202020202020202
0202030202020202
0202030202020202
0202020202020202
0202020202020202
0202010202020202
0202030202020202
0202020202020202
0202020202020202
0202020202020202
0202020202020202
0202020202020202
0303030402020202
0201020202020203
0102020202020202
0202020202020201
0203030202020202
0203030302020203
0203030303030202
0101020203030202
0202020202020202
0203020202020202
0101020203030303
0202020201010102
0303030303030202
0202020202020202
0202020302020202
0202010202020202
0202020202020202
0202020202020202
0202020202020202
0303030203020202
0202020203030302
0202020202020202
0303020202020202
0202020202020202
0202020202020202
0202020202020202
0202020202020202
0202030202020202
0202020202020202
0202020202020202
0202020202020202
0202020102020202
0202020202020202
0303030302020202
0202020202020202
0202020202020202
0202020202020202
0302020202020202
0202030302020202
0303030303030202
0202020203030202
0202020202020202
0303020202020202
0101020203030303
0202020202010202
0203030303030202
0202020202020202
0202020302020202
0201020202020202
0202020202020202
0202020202020202
0202020202020202
0202020302020202
0202020203030302
0202020202020202
0302020202020202
0202020202020202
0202020202020202
0202020202020202
0201020202020202
0202030202020202
0202020202020202
0202020202020202
0202020202020202
0202020202020202
0202020202020202
0303030302030202
0202020202020203
0202020202020202
0202020202020201
0203030302020202
0203030302020202
0303030303030202
0202020203030203
0202020202020202
0203020202020202
0102020203030302
0202020102020202
0303030303030202
0202020202020202
0202030302020202
0202020202020202
0202020202020202
0202020202020202
0202020202020202
0203020302020202
0202020203030303
0202020202020202
0203020302020202
0202020203020302
0202020202020202
0202020202020202
0102020202010202
0202020202020202
0202020202020202
0202020202020202
0202020202020202
0202020202020202
0202020203020202
0303030402020202
0202020202020202
0202020202020202
0202020202020202
0302020302020202
0203030302030303
0303030303030202
0201020203030303
0202020202020202
0303020202020202
0201020203030303
0202020201010102
0303030303020202
0202020202020202
0202030302020202
0201020202020202
0202020202020202
0202020202020202
0202020202020202
0303020303020202
0202020203030302
0202020202020202
0302030302020202
0202020202030302
0202020202020202
0202020202020202
0201020202010202
0202030202020202
0202020202020202
0202020202020202
0202020202020202
0202020202020202
0202020202020202
