0202020203020203
0303030303030302
0202020303020303
0303030303030202
0303030302020203
0202030303030303
0303030302020202
0302020202030303
0303030303030303
0202020202020203
0302020202020203
0203030202020303
0202020203030203
0303020302020202
0203030405040404
0303020202030302
0202020203020203
0303020303020202
0202020203030202
0303030303030202
0304040503030304
0202020202030303
0202020302020202
0202020202020202
0303030203030303
0203030303020202
0202020203030303
0303030403030202
0303030403020303
0202020303020203
0403030302020202
0202020202020304
0202030202020202
0202020203030303
0303030302020202
0202020202020302
0303030303030202
0303030302020303
0202030303020303
0303030302020202
0202020203030303
0303030303020303
0203020202020303
0302020302020302
0303030202020303
0202020203030202
0303020202020202
0303030405040404
0202020203030202
0202020203020203
0303030302020202
0202020203020203
0303030303030302
0304040503030303
0202030302020303
0202020302020202
0302020202020202
0303030203030303
0302030303020203
0202020203020303
0304030403030202
0303030302020203
0202020302030203
0403030302030202
0202020203030303
0202020302020202
0202020303030303
0203030303020302
0202020203020303
0303030303030202
0303030303020303
0202030303030304
0203030303020202
0202020202030303
0303030303030303
0202020202030303
0302020202020203
0203030202020303
0202020203030302
0303030202020202
0203030405040404
0302020202030302
0202020203030303
0302030202020202
0202020203030203
0303030303020202
0304040403030303
0202020202030303
0202020302020202
0202020202020202
0203020203030303
0202030303020202
0202020203030303
0303030303030302
0303030302020202
0202020202020202
0403030302020202
0202020302030304
0202030302020202
0202020203020203
0203020302020202
0202020203020302
0302030303020202
0303030302020303
0202030303030303
0303030302020302
0202020202030303
0303030303020303
0202020202020203
0302020202020202
0203020202020303
0202020203030202
0303020202020202
0203030405040403
0202020202030202
0202020203030203
0203030303020202
0202020203030202
0303030303030202
0304040403030303
0202020202030303
0202020302020202
0202020202020202
0303020203030303
0203030303020203
0202020202030302
0303030303030302
0303030302020203
0202020202030203
0403030302020202
0202020202020304
0202030302020202
0202020303030203
0303030203020202
0202020203030302
0302030303020202
0303030302020303
0202030303020303
0303030303020302
0302020202030303
0303030303030303
0202020302020303
0302020202020202
0202030202020303
0202020203030302
0303030202030202
0203030405040404
0302020202030302
0202020203030303
0203020302020202
0202020303020203
0303030303020302
0304040503030303
0202030302030303
0202020301020202
0302020202020202
0303020203030303
0203030303020203
0202020202020302
0403030303030202
0303030302020203
0202020302030203
0403030302020202
0202020203030304
0203030302020202
0202020203020303
0303030302020302
0302020202020303
0302030303020202
0303030302020203
0202030303030303
0303030303020202
0202020203030303
0303030303020303
0202030203030204
0302020202020202
0303030202020203
0202020203030302
0303020202020202
0203030405040404
0202020302030203
0202020203030203
0202030202020202
0202020303030202
0303030303030203
0304040403030304
0202020302030303
0202030302020202
0202020202020202
0303020203030303
0203030303020303
0202020202020303
0304030403030202
0303030302020203
0202030302020203
0403030302020202
0202020202030303
0202030202020202
0202020203020203
0303030303020202
0202030202020302
0302030303030202
0303030302030303
0202030303030304
0303030302020202
0202020202030303
0304030303030303
0202020202020304
0302020202020202
0202030202020303
0202020203030303
0303020202020202
0203030404040403
0302030202030302
0202020203030203
0202030203030202
0202020303020302
0303030303030203
0304040503030303
0202020202030303
0202020302020202
0203020202020202
0303030203030303
0203030303020203
0302020203020303
0303030403030202
0303030303020303
0202030302020203
0403030303020202
0202020302030304
0202020302020202
0202020203030303
0303030303020303
0202020302020303
0202030303020202
0303030303020303
0203030303030303
0303030302020202
0202020202030303
0303030303020303
0202020203020303
0302020202020203
0303020202020303
0202020203030302
0303020202020202
0203030405040403
0303020202030302
0202020203030203
0202020202030202
0202020203030202
0303030303030202
0304040503030303
0202020302030303
0202020302020202
0202020202020202
0203030203030303
0203030303020303
0202020202030303
0404040403030202
0303030302020303
0202020203020202
0403030302020202
0202020302030304
0303030302020202
0202020203030303
0203030302020202
0202030202030303
0302030303020202
0303030302020303
0202030303030303
0303030303020202
0202020202030303
0303030303020303
0202020203030303
0302030202030202
0203030202020203
0202020203030202
0303030202020202
0203040405040403
0302020202030302
0202020203020302
0302030303030202
0202020303030302
0303030303030303
0304040403030303
0202020302030303
0202020302020202
0202020202020202
0203020303030303
0202030303020202
0202020203020303
0304030403030202
0303030302020303
0202020202020202
0403030302020202
0202020303030304
0202030202020202
0202020203020303
0203030303020302
0202020203020303
0302030303030202
0303030302030303
0202030303030203
0303030302020302
0202020202030303
0303030303030303
0202020202020303
0302020202020302
0303020202030303
0202020203030202
0302030202020202
0303030404040404
0302020202030302
0202020203030303
0203020203020202
0202020203030202
0303030303030202
0304040503030304
0202020302030303
0202030201020202
0302020202020202
0302020203030303
0203030203020203
0202020203030302
0304030403030202
0303030303030203
0202020302020202
0403030302020202
0202020302020304
0203030302020202
0202020203030203
0303030203020203
0203030202020302
0303030303020202
0303030303020203
0202030303030204
0303030302020202
0202020203030303
0303030303030303
0202020202020303
0302020302020202
0303020302020303
0202020203030202
0302020202020202
0303030404040404
0202020202030302
0202020203020303
0302030203030202
0202020303020202
0304030303030202
0304040403030303
0202030303030303
0202020302020202
0202020202020202
0303020203030303
0303030303020202
0202020203030302
0304030303030302
0303030303020303
0202020302030202
0403030302020202
0202020202030303
0202030302020202
0202020203030203
0303030302020203
0202020202020302
0302030303020202
0303030302020303
0202030303020303
0303030302020202
0202020202030303
0303030303020303
0202020202020303
0302020202020202
0303030202020303
0202020203030202
0303020202020202
0203030404040404
0202020202030202
0202020203030203
0202030303020202
0202020203030202
0303030303030202
0304040503030303
0202020202030303
0202020302020202
0202020202020202
0203020203030303
0203030303020203
0202020203030302
0303030303030202
0303030302020203
0202020302020203
0303030302020202
0202020302030303
0202030302020202
0202020203020203
0203030303020202
0203030202020303
0303030303020202
0303030303020303
0203030303030303
0303030302020202
0303020203030303
0303030303030303
0202020202020303
0302020202020302
0303030202020303
0202020203030202
0303020202030202
0203030405040404
0202020202030302
0202020203030203
0303020202020202
0202020203030202
0303030303020202
0304040503030303
0202020303030303
0202020302020202
0302020203020202
0303030203030303
0303030303020202
0202020203020303
0303030403030202
0303030302020203
0202020202030202
0403030302020202
0202020302020304
0202020302020202
0202020203020203
0303030303020202
0202030303030303
0203030303030202
0303030302020303
0202030303030304
0303030302020202
0202020202030303
0303030303030303
0203020203030203
0302020302020203
0303020202020303
0202020203030202
0303020202020202
0303030405040404
0202020202030302
0202020203020202
0303030302020202
0202020203030202
0303030303020202
0304040503030303
0202030203030303
0202020302020202
0302020202030202
0303020203030303
0202030303020202
0202020203020302
0303030403030302
0303030303020202
0202020202030303
0403030302020202
0202020202030304
0202030202020202
