0303030302020303
0302030303040303
0201020202020202
0101020202020202
0404040402020202
0202020303030303
0202020203030203
0202020202020202
0202020202020202
0303030302030302
0302030203030303
0303030303030203
0303020302020203
0203030303030303
0203030303020202
0303020303030303
0101020203020303
0202020202020202
0303040302020202
0303030303030202
0403030303030203
0202030303040404
0403040303020203
0202020303030304
0403030302020202
0203030303030304
0302020202020202
0304040403030202
0203030303030303
0303020303030303
0303030302030303
0202030304030303
0202020203030303
0303030303030303
0303030303030303
0202020202020202
0102020202020102
0404040302020202
0202020303030303
0202020203030303
0102010202020202
0202020202020201
0303030303030303
0202030303030303
0304040303020303
0303020302020203
0202030303040303
0303030303020203
0203030303030303
0102020203020303
0202020202020201
0303040302020202
0303030303030303
0403030302030303
0203030303030504
0404040303030203
0202030303030304
0303030302020202
0302030202030304
0303020202020202
0404040403030202
0303030303030303
0303020203030303
0302020303030203
0302030303030303
0202020203030203
0303030303020303
0303030303040403
0202020202020202
0202020202010202
0304040302020202
0202020203030304
0202020202030303
0202020102020202
0302020202020202
0303030302030303
0302030303030203
0303040303030303
0303030302020203
0203030303030303
0303030303020202
0303030203030303
0102020203030303
0202020201010202
0303030402020102
0302030303030203
0403030303030303
0303030303030505
0404030302030202
0202020303030304
0303030302030202
0202030303030404
0202020202020202
0304030403030203
0303030203030303
0303020203030303
0303030202020303
0203030303030203
0202020203030203
0303030302020303
0303030303030303
0202020202020202
0101020202020202
0404030302020202
0302020203030303
0202020203020202
0202010202020202
0202020202020202
0303030303030302
0202020203030203
0303030303030303
0303030302020203
0203030303030303
0303030303020202
0203030303030303
0101020202020302
0202020202020201
0303030302020202
0303030303030203
0403030302030303
0202030303040404
0303030303020202
0202020303030303
0403030302020202
0202030203030304
0302020202020202
0304040403030202
0203030203030303
0302020203030303
0303030202020303
0202030303030303
0202020203030303
0303030303030303
0302030303030303
0202020202020202
0101020202010202
0404040402020202
0202020203030303
0202020203030303
0202020202020202
0202020202020201
0303030302030302
0302020303030303
0303030303030203
0303030302020203
0203030303030303
0303030303030202
0303030303030303
0201020203030303
0202010201010201
0403030302020202
0303030303030303
0404030302030303
0202030303040404
0403040302020202
0202020303030404
0403030302020202
0203030203030304
0303020202020202
0404040403030202
0303030303030303
0302020203030303
0303030302020303
0202030303030203
0202020203020303
0303030303030303
0203030303030303
0201020202020202
0201020202010102
0404040402020201
0202020203030303
0202020203020202
0202010202020202
0202020202020202
0303030303030302
0202020303030203
0303040303020303
0303030302020203
0203030304030303
0303030303020202
0303030303030303
0202020203020303
0202020201010102
0404040302020201
0303030303030203
0403030302030303
0202020303040404
0303040303030302
0202020303030304
0403030302020202
0203030303030404
0302020202020302
0404040403030202
0303030303030303
0303020203030303
0303020202020303
0202030303030303
0202020203030303
0303030303020303
0303030303030303
0102020202020202
0102020202020202
0304030302020202
0202020203030303
0202020203020202
0102020202020202
0302020202020202
0303030303030303
0302020303030203
0304040303020203
0303030303020203
0203030303030303
0303030303020202
0303030203030403
0201020202020303
0202020202020201
0303040302020201
0302030303030203
0403030302030303
0203030303040404
0303040302020203
0202020303030304
0403030302020202
0203030203030404
0303020202020202
0304040403030202
0303030303030303
0303020203030303
0303030202020303
0202030303030203
0202020203020303
0303030303030303
0302030303030403
0201020202020202
0101020202010202
0404030302020202
0302020203030303
0202020203030302
0202010202020202
0202020202020202
0303030303030303
0302030203030203
0304040303020303
0303020302020203
0303030303030303
0303030303020202
0303030303030303
0101020202030303
0202020102020202
0403040402020101
0303030303030202
0403030302030303
0203020303030404
0404030303020202
0202020303030304
0403030302020202
0202030203030405
0203020202020202
0404040403030202
0303030203030303
0303020203030303
0303020202030303
0202030303030203
0202020203030303
0303030303030303
0303030303030303
0101020202020202
0101020202010202
0404030302020201
0302020203030303
0202020203020203
0202010202020202
0202020202020202
0303030303030302
0302030303030303
0303030303030303
0303030302020203
0203030303030303
0303030303020302
0203030303030303
0102020203020302
0202020202020202
0403040402020201
0303030303030303
0303030302030303
0202030303040404
0303040302020202
0202020303030404
0303030302020202
0202030303030304
0302020202020202
0404040403030302
0302030203030303
0303020303030303
0303030202020303
0202030303030303
0202020203030203
0303030303030303
0303030303030303
0201020202020202
0202020202020102
0404030302020202
0302020203030303
0202020203020302
0102010202020202
0202020302020202
0303030303030303
0202020303030303
0303030303030303
0403030303020203
0203030303030303
0303030303020203
0303030303030303
0101020202030302
0202010201010202
0404040402020202
0302030303030203
0304030302030303
0202030303030404
0303040302030202
0202020303030304
0403030302020202
0202030203030405
0303020202020302
0304040403030202
0303030203030303
0203020203030303
0302030202020303
0202030303030202
0202020203030303
0303030303030304
0303030303030303
0102020202020203
0201020202010202
0404040302020202
0303020203030304
0202020203020303
0102010202020202
0202020202020202
0303030303030302
0202020303030303
0304040303020303
0303030302020303
0303030303030303
0303030303030202
0303030303030303
0101020202020302
0202020202020202
0403040402020102
0303030303030303
0403030302030303
0203030303040404
0304030203020202
0202020303030303
0303030302020202
0302030202030305
0202020202020202
0304040403030302
0203030203020303
0302020303030303
0303030203020303
0202030303030303
0202020203030302
0303030303020303
0302020303030303
0202020202020202
0101020202020102
0404030302020202
0302020203030303
0202020203020202
0202020202020202
0202020202020202
0303030303030302
0202020303030303
0303040303030303
0303030302020203
0203030303030303
0303030303020202
0203030203030303
0101020202020302
0202020202020201
0303040302020201
0302030303030203
0403030302030303
0203020303030404
0403030302030202
0202020303030304
0303030302020202
0202030203030404
0302020202020202
0404030403030202
0303030203030303
0302020203030303
0303030202020303
0202030303030203
0202020203030203
0303030303020203
0303030303030303
0202020202020202
0101020202010201
0404040302020202
0203020203030303
0202020203020202
0202010202020202
0202020302020202
0303030303030303
0202020303030303
0304040303030303
0303030302020203
0203030303030303
0303030303020202
0203030303030303
0101020202030203
0202010202010201
0303030402020102
0303030303030203
0403030302030303
0203030303040403
0404030303030202
0202020303030403
0403030302020202
0202030303030304
0303020202020202
0304040403030202
0303030203030303
0303020203030303
0303030202020303
0202030303030303
0202020203030303
0303030302020303
0303030303030303
0201020202020202
0102020202020102
0404040302020201
0202020203030303
0202020203020203
0202010202020202
0202020202020202
0303030203030302
0202030303030303
0303040303020303
0303030302030203
0203030303030303
0303030303030203
0203030303030303
0101010203020302
0202020202020101
0403040302020202
0302030303020203
0404030303030303
0302030303030404
0403040303020202
0202020303030404
0403030302020202
0202030302030404
0302020202020202
0304040403030202
0303030203030303
0303020203030303
0303030202020303
0202030303030203
0202020203020302
