0202030302020202
0202020203020202
0202020202020202
0202020202020202
0202020202020202
0202020303040303
0202020203020202
0202020203020202
0202030302030203
0202030303030203
0203030402020202
0202020202020202
0303020303020202
0202020202020202
0202030303020202
0302020202020202
0202020203030303
0302020303020202
0303030202020203
0303020202020202
0203030203020303
0202020202020203
0302020203030303
0202020203030303
0202020202020202
0202020202020202
0303030202020202
0202020303020202
0202020202020202
0303030302020202
0202020302020202
0202020202020202
0202030203030303
0203030303020203
0202020202020202
0202020202020202
0202020202020202
0302020202020202
0202030303030303
0202020202020202
0202030202020202
0202030303020302
0202020303030203
0203030402020202
0202020202020203
0303020302020202
0202020202020202
0202030303020202
0202020203020202
0202020203030303
0202020302020202
0303030202020203
0303020302020202
0203030202020303
0202020202020202
0203020203020203
0202030303030303
0202020202020202
0302020202020202
0303030202020302
0202020203030202
0202020202020202
0303030303020202
0202020203020203
0302020202020202
0202020203030303
0203030302020203
0202020202030202
0202020202020202
0202020202020202
0203030202020203
0202020303030303
0202020203030202
0202020202020202
0302030302030203
0202030303030202
0303030402020202
0202020202020202
0202030302020202
0202020202020203
0202030303020202
0302020203020202
0202020204030303
0302030302020202
0203030302020203
0302020202020202
0303030202020303
0202020202020202
0303020203030302
0202020203030303
0202020201020202
0202020203020202
0303030302020302
0202020203030203
0202020202020202
0303030303020202
0202020302020202
0202020202020202
0202020303030303
0202030302020202
0202020202020202
0202020202020202
0202020202020202
0203030202020202
0202020303030303
0202020203020202
0202020202020202
0202030202020203
0202030303030202
0202030402020202
0202020202020202
0302020302020202
0202020202020202
0202030303020202
0202020203020202
0202020203030303
0202020302020202
0203030202020202
0302020202020202
0203030202020303
0202020202020202
0302020203020202
0202020303030303
0202020202020202
0202020202020202
0303030302020202
0202020303020202
0202020202020202
0303030303020202
0202020202020202
0202020202020202
0202020203030303
0203030302020302
0202020202020202
0202020202020202
0202020202020202
0302030202020203
0202020203030303
0202020203020202
0302020202020202
0202030302030302
0202030303030202
0303030402020202
0202020202020202
0202030303020202
0202020202020302
0202030303020202
0202020203020202
0202020204030303
0202020303020202
0303030202020203
0302020203020203
0303030203030303
0202020202020202
0302020202020202
0202020303030303
0202020202020202
0202020203020202
0303030302020302
0202020203020202
0202020202020202
0303030302020202
0202020303020202
0202020202020202
0202030203030303
0203030302030203
0202020202020302
0201020202020202
0302020202020202
0303030302020202
0202020203030303
0202020202020202
0202020202020202
0202030203020202
0202030303030203
0202030402020202
0202020202020202
0203020303020202
0202020202020202
0202030303020202
0202020302030202
0202020203030303
0202030302020202
0303030302020302
0303020203020202
0203030303020303
0202020202020202
0203020203020302
0202020303030303
0202020202020202
0202020303020202
0303030302020302
0202020302020202
0202020201020202
0303030303020202
0202020203020302
0202020202020202
0202020203030303
0203030202020202
0202020202020202
0202020202020202
0202020202020202
0202030202020202
0202020302040303
0202020203020202
0202020202020202
0203020202020203
0202030303030203
0303030402020202
0202020202020202
0303020303020202
0202020202020202
0202030303020202
0302020203030202
0202020203030303
0202020303020202
0303030202020202
0302020203020203
0302030202020303
0202020202020202
0202020203020302
0202020203030203
0202020202020202
0202020202020202
0303030302020302
0202020303020202
0202020202020202
0303030302020202
0202030303020202
0202020202020202
0202020203030303
0202030302020202
0202020202020202
0201020202020202
0202020202020202
0203020203020202
0202030202040303
0202020203020202
0202020202020202
0202030202020202
0202030303020302
0203030402020202
0202020202020202
0202030303020202
0302020202020202
0202030303020202
0202020202020201
0202020203030303
0202020303020202
0303030302020202
0303020202020202
0203030202020303
0202020202020203
0202020203020202
0202020303030303
0202020202020202
0202020303020303
0303030202020303
0202020303030202
0202020201020202
0303030303020202
0202020302020203
0202020202020202
0202020303030303
0203030202020202
0202020202020202
0101020202020202
0202020202020202
0203030202020302
0202020303030302
0202020203030202
0202020202020202
0202020203030203
0202030303030302
0203040402020202
0202020202020202
0202030303020202
0202020202020202
0202030303020202
0202020203020202
0202020203030303
0202030303020202
0203030302020202
0303020302020202
0203030302020303
0202020202020202
0202020203020302
0202020203030303
0202020202020202
0202020202020202
0303030302020202
0202020202030203
0202020201020202
0303030302020202
0202020302020302
0202020202020202
0202020203030303
0203030202020203
0202020202020202
0201020202020202
0302020202020202
0302020203020202
0202020303030303
0202020203030202
0202020302020202
0303030303030203
0202030303030203
0202030402020202
0202020202020202
0202030303020202
0202020202020202
0203030303030202
0202020203020202
0202020203030303
0202020303020202
0303030302020202
0302020202020202
0303030202020303
0202020202020202
0202020203020202
0202020303030303
0202020202020202
0202020202020202
0303030202020302
0202020203030202
0202020202020202
0203030303020202
0202020302020302
0202020202020202
0202020203030303
0203030302020303
0202020202020203
0102020202020202
0202020202020202
0303030203020202
0202020302030303
0202020203020202
0202020302020202
0202030203030203
0202030303030202
0203030402020202
0202020202020203
0302030302020202
0202020202020202
0202020303030202
0202020303020202
0202020203030303
0202030303020202
0303030302020202
0302020203020202
0303030203020303
0202020203020202
0302020203020302
0202020303030303
0202020202020202
0302020202020202
0203030302020202
0202020202020302
0202020202020202
0303030303020202
0202020302020202
0202020202020202
0202020203030302
0202030302020302
0202020202020202
0202020202020202
0202020202020202
0203020202020202
0202020303030303
0202020203020202
0202020202020202
0202030202020203
0202030303030202
0202030402020202
0202020202020202
0302020303020202
0202020202020202
0202030303020202
0202020203020202
0202020203030303
0202020303020202
0303030202020202
0302020202020202
0203030202020303
0202020202020202
0302020203020302
0202020303030303
0202020202020202
0202020202020202
0303030202020202
0202020203020202
0202020202020202
0303030303020202
0202020302020202
0202020202020202
0202030203030303
0202030203030202
0202020202020202
0202020202020202
0202020202020202
0203030202020303
0203020303040303
0202020203020202
0302020302020202
0202030303030302
0202030303030203
0202030402020202
0202020202020202
0303030303020202
0202020202020202
0202030303020202
0202020203020202
0202020203030303
0302030302020202
0303030302020202
0302020202020202
0303030302030303
0202020202020202
0202020203030302
0202020303030303
0202020202020202
0302020302020202
0303030302020203
0202020202030202
0202020202020202
0303030303020202
0202020202030203
0202020202020202
0202020203030302
0202030202020203
0202020203020202
0201020202020202
0202020202020202
0303020202020202
0202020203040303
0202020203030202
0202020302020202
0202030203030202
0202020303030202
0203030402020202
0202020202020202
0303030303020201
0202020202020302
0202030303020202
0202020202020202
0202020203030303
0202020303020202
0303030202020202
0302020203020202
0303030202020303
0202020202020203
0302020203020202
0202020303030302
0202020202020202
0202020202020202
0303030302020202
0202020203030202
0202020202020202
0303030303020202
0202020302020202
0202020202020202
0202030203030302
