0303030302020203
0202020202030303
0303020202020302
0303030303040404
0303030202020203
0303030303030303
0404040402030303
0303030203030304
0303040402020202
0202020202020303
0302030202020202
0303020202020203
0404030303030303
0203030303030303
0303030502020202
0202020202030303
0202030203020202
0302020202020303
0202020202020202
0202020202020202
0203030201010202
0303030303030203
0202020203030304
0303030203020202
0303020203030303
0303030303030303
0202020203030302
0303030303030202
0304040404040403
0202020303020203
0302020303020202
0303030302020202
0303030203030303
0303030303020303
0202030202020303
0303020202020303
0303030203040403
0303020202020202
0303030303030303
0403040402030303
0203020303030304
0303030402020302
0202020202020304
0302020302030202
0302020202020303
0404030403030202
0203030303030303
0303030402020202
0202020202030303
0303030303020202
0202020202030303
0202020202020303
0202020202020202
0202030201010202
0303030303020202
0202020203030303
0303030202020202
0203020204030303
0303030303030303
0202020203020202
0303030303030302
0304040404040403
0202020203030303
0202020303030202
0303030202020202
0303020203030303
0303020302020303
0202020202030303
0303020202030303
0303030303040404
0303030202020202
0303030303030303
0304040402030303
0203030203030304
0303040402020203
0202020202030303
0302020202020202
0302020202020303
0304030303030202
0203030303030304
0303030402020202
0302020202030303
0202030303030202
0202020202020303
0202020202020202
0202010202020202
0202020201010202
0303030303020202
0202020203020203
0303030202020202
0203020203030303
0303030304030303
0202020203030302
0303030303030203
0304030404040303
0202020203020303
0202020302020202
0303030302020202
0303020203030303
0303020302020303
0202020202020303
0303020202020303
0303030303040404
0303020202020202
0303030303030303
0304040402020303
0203020203030304
0303040402020202
0202020202020303
0302020302020202
0302020202020303
0303030303030203
0203030303030303
0303030402020202
0202020202030303
0202030203020202
0202020202020203
0202020202020202
0202020202020202
0202020201010202
0303030303020202
0202020203020203
0303030202020202
0302020203030303
0303030303030303
0202020203020202
0303030303030202
0304040404040303
0202020203020203
0202020302020202
0303030302020202
0303020203030303
0303030302030303
0202020202030303
0303020202030302
0203030203040404
0303030202020202
0303030303030303
0404040402030303
0203030203030304
0304040402020302
0202020202030303
0303020202020202
0303020202020203
0403040303030203
0203030303030403
0303030302020202
0202020202030303
0302030203020202
0202020202020203
0202020202020203
0202020102020202
0203030201020202
0303030303020202
0202020203030203
0303030303020202
0203020203030203
0303030303030302
0202020203020202
0303030303030202
0304030404040303
0202020203030303
0302020302020202
0203030202020202
0303030203030303
0303020303030303
0202020302030303
0303020202020303
0303030303040404
0303030202020202
0303030303030303
0404040402020203
0203020203030304
0303040402020202
0202020202020303
0303020302020202
0303030202020203
0304030303030303
0203030303030303
0303030402020202
0202020202030303
0303020203030202
0202020202020203
0202020202030302
0202020202020202
0203030201010202
0303030303030202
0202020203030203
0303030302020202
0203020203020303
0303030303030303
0202020203030302
0303030303030202
0304040404040303
0202020203020303
0302020302020202
0303030302020202
0303020202030303
0303030303020303
0202020202030303
0303020202030302
0303030203040404
0303020202020202
0303030303030303
0404040402020303
0203030203030304
0304040402020202
0202020202020304
0302020302020202
0302020202020303
0404040303030203
0203030303030303
0303030402020202
0202020202030303
0303030302030202
0202020203030203
0202020202020302
0202010202020202
0202020201010202
0303030303020202
0202020203020303
0303030303020202
0302030204030303
0303030303040303
0202020203030303
0303030303030202
0304040404040403
0202020203020303
0202030302020202
0303030302020202
0303020202030303
0303030303020203
0202020202030303
0303020202030302
0303030303040404
0303020202020202
0303030303030303
0304040402030303
0203030303030304
0303040402020202
0202020202020304
0302030202020202
0302020202020203
0404030403030203
0303030303030303
0303030402020202
0202020202030303
0302030203030202
0202020202020203
0202020202020202
0202020202020202
0202030201010202
0303020303020202
0202020203030203
0303030202020202
0203020203030203
0303030303030303
0202020203030202
0303030303030302
0404040404040303
0202020203020203
0202030302020202
0303030302020202
0303020203030303
0303030302020303
0202020202030303
0303020202030303
0303030203040404
0303020202020202
0303030303030303
0304040402020303
0303030203030303
0303040402020302
0202020202030303
0302030202030202
0302020202020303
0304040403030202
0203030303030303
0303030402020202
0202020202030303
0202030203030202
0202020202030203
0202020202020202
0202010202020202
0203030301010202
0303030303030202
0202020203030204
0303030303020202
0302020203030303
0303030303040303
0202020203020202
0303030303030202
0404030404040403
0202020203030303
0202020303020202
0303030302020202
0303020202030303
0303020302020303
0202020202030303
0303030202020302
0303030303040404
0303020202020202
0303030303030303
0304040302020303
0203020203030304
0304030402020202
0202020202020303
0302020202020202
0302020202020303
0304040303030203
0203030303030303
0303030402020202
0302020202030303
0203030203030202
0202020202020303
0202020203030202
0202010202020202
0303030201010202
0303030303020202
0202020203020303
0303030303020202
0202020203030303
0303030303030303
0202020203030202
0303030303030202
0304040404040403
0202020203020303
0202020302020202
0203030202020202
0303020203030303
0303020302020303
0202020202030303
0303020202030203
0303030303040403
0303030202020203
0303030303030303
0304040402020303
0203020303030403
0303040402020202
0202020202020303
0302020302020202
0302020202020303
0403040303030202
0203030302030303
0303030302020202
0202020202030303
0203030203030202
0202020202020203
0202020202020202
0202020202020202
0202030301010202
0304030303020202
0202020203030303
0303030302020202
0203030203030303
0303030303030303
0202020203030202
0303030303030302
0304040404040304
0202020303030303
0202020302020202
0303030202020202
0303020203030302
0302020302020203
0202020202020303
0303020202030302
0303030303040404
0303020202020202
0303030303030303
0304040402020303
0203020203030304
0303030402020202
0202020202020303
0302020202020202
0302020202020203
0403030303030203
0203030303030303
0303030402020202
0202020202030303
0202030203030202
0202020202020203
0202020202020202
0202020202020202
0202020201010202
0303030303020202
0202020203020303
0303030202020202
0303020203030303
0303030303030303
0202020203030202
0303030303030202
0304030404040303
0202020203020303
0202020302020202
0303030202020202
0303020203030303
0303020303030203
0202020202030303
0303020202030303
0303030303040403
0303030202020203
0303030303030303
0304040402020303
0303030303030304
0303040402020202
0202020202030303
0303020202020202
0303020202020303
0404040403030203
0203030303030304
0303030402020202
0202020202030303
0202020303030202
0202020202020203
0202020203030202
0202020202020202
0202020301020202
0303030303020202
0202020203030303
0303030203020302
0303020203030303
0303030303030302
0202020203030203
0303030303030202
0304040404040303
0202020203030303
0202020302020202
0303030302020202
0303030203030303
0303020302030203
0202020302020303
0303020202020303
0303030303040404
0303020202020202
0303030303030303
0404040402020203
0203020203030304
0303030402030302
0202020202030303
0302030302020202
0302020202020303
0403040403030302
0203030303030304
0303030402020202
0202020202030303
0202030203030202
0202020202030203
0202020203020202
0202020202020202
0203030301010202
0403030303020203
0202020203030203
0303030302020202
0303020203030303
0303030303040303
0202020203020202
0303040303030202
0304040404040403
0202020203030303
0202030302020202
0303030202020202
0303030202030302
