0203030302020202
0403030202020202
0303020203030404
0303030302030303
0303030303030203
0303030303020203
0504040504030304
0302030303040404
0202020202030202
0303030303030202
0202020205050403
0304040303030202
0203030303030304
0303030302030302
0202010203030202
0202020202010202
0202030302020202
0303030303030302
0303030203030202
0303040303030302
0404030303030303
0303030303030405
0303030302020203
0203030303030303
0303030202020302
0203030202030303
0303030303030303
0202020303030303
0303030303030302
0202020303030303
0303030302020202
0303030303030302
0202020203020203
0303030302020202
0403030202020202
0303020203030404
0303030203030303
0302030303030203
0303030303020203
0504040404030303
0203030303030404
0202020202020203
0303020303030302
0202020306050403
0404040302030202
0303030403030303
0303030303030302
0202020203030202
0202020202020102
0203030302020202
0303030303030302
0303030203020202
0304040404030303
0404030303020303
0203030302030404
0303030302020203
0203030303030303
0303030202030202
0302030202030303
0303030303030303
0303020303030303
0303030303030302
0202020303040303
0203030302030202
0303030202030302
0202020203030303
0203030402020202
0303030202020302
0303020303030404
0303030303030303
0303030303030203
0303030303020203
0403040503030304
0202030303040404
0202020202020203
0303030303030302
0302020205060404
0304040303030202
0303030403030303
0303030302030202
0202020203030303
0202020202010102
0203020302020202
0303030303030303
0303030203030203
0303040403030303
0504030303020303
0203030302030404
0303030302030303
0203030303030303
0303030202030302
0303030303030304
0303030303030303
0202020203030303
0303030303030302
0202020303030303
0303030403020202
0303030302030203
0202020203020203
0203030302020202
0303030202020202
0303030203030404
0303030303030303
0303030303020203
0303030303020203
0504040404030303
0202030303030404
0202020203020202
0303030303030302
0202020205050403
0404030303030202
0203030303030303
0303030302020202
0202020203030202
0202020202020202
0202020303020202
0303030303030203
0303020202030202
0303040404030303
0404030303030303
0203030303030404
0303030302020203
0203030303030303
0303030202020302
0303030202030303
0303030303030203
0202020302030303
0303030303030202
0202030303030303
0303030302020202
0303030202030202
0202020202020203
0203030302020202
0303030302020202
0202020303040404
0303030303030303
0302030303030203
0303030303020203
0504040404030303
0303030303040404
0202020202020203
0303030303030202
0202020206060403
0404040303030303
0203040403030303
0303030302030302
0202020203030202
0202020202020102
0302020302030202
0303030303030202
0303030203030203
0304040403030303
0504040403030303
0203030303030405
0303030302020203
0203030303030303
0303030302020302
0303030202030304
0303030303030303
0302030302030303
0303030303030202
0202030303040303
0203030303020202
0303030203030203
0202020203020303
0203030302020202
0303030202020202
0302020203030404
0304030303030303
0302040303030303
0303020303020203
0503040504030203
0203030303040404
0202020202020202
0303030303030302
0202020206060403
0404040303030302
0203030403030303
0303030303030302
0202020203030202
0202020202020102
0303030303020202
0303030303030202
0303030202030302
0303030404030203
0504030403020303
0202030303030405
0303030302020203
0203030303030303
0303030202020302
0203030202030304
0303030303030303
0202020303030303
0303030303030302
0202030303030303
0303020303020202
0303030203030302
0202020202030303
0203040302020202
0403030202020202
0302030203030404
0303030203030303
0303030303030203
0303030303020303
0504040504030303
0203030303040404
0202020202020202
0303020303030202
0302020206060403
0404040303030202
0203030403030303
0303030303020202
0202020203030303
0202020202020202
0302020302030202
0303030303030302
0303030202020303
0303030404030303
0504030303030303
0203030303030404
0303020302020303
0203030303030303
0303030202030302
0203030202030304
0303030303030303
0202020302020303
0303030303030302
0202030303030303
0303030303020202
0303030202030302
0202020202020303
0203030302020202
0303030202020202
0203030203040404
0303030303030303
0303030303030203
0304030302030303
0504040404030303
0203030303040404
0202020202020202
0303020303030302
0302020205050403
0404040303030202
0303030303030303
0303030302030302
0202020203030202
0202020202020201
0202030302030202
0303030303030303
0303020203030202
0303040404030303
0404030403030303
0202030302030404
0303020302020203
0203030303030303
0303030302020203
0303030202030304
0303030303030303
0203030203030303
0303030303030302
0202020303030303
0303030302030202
0303030302030203
0202020202020203
0203030302020202
0303030302020202
0203030203040403
0303030303030303
0303030303030303
0303030303020203
0404040403030304
0203030303040404
0202020203020202
0303030203030302
0302020206060403
0404040303030202
0203030303030303
0303030303020202
0202020203030303
0202020202020201
0202030303020202
0303030303030303
0303030302030202
0303040403030303
0504030303030303
0203030303030404
0303030302020203
0203030303030303
0303030302020302
0303030202030304
0303030303030303
0203020303030303
0303030303030302
0202030303030303
0303030303020202
0303030303030302
0202020203030203
0203030302020202
0303030302020202
0303030203030404
0303030303030303
0303030303030203
0303030303020203
0504040404030304
0203030303040404
0202020202020203
0303030303020302
0302020205050403
0404040303030202
0303040303030303
0303030303030202
0202020203030303
0202020202020202
0202030302020201
0303030303030302
0303030203030302
0304030304030303
0404030303020303
0203030303030404
0303030302020303
0203030303030303
0303030202020302
0303030202030303
0303030303030303
0202030203030303
0303030303030302
0202020303040303
0303030302020202
0303030302030302
0202020202030203
0203030302020202
0403030202020203
0203020203030404
0303030302030303
0203030303030203
0304030303020203
0404040504030304
0202030303040404
0202020203020203
0303030303030202
0202020205060503
0404040303030302
0303030403030303
0303030302030202
0202010203030203
0202020202020201
0302030302020201
0303030303030303
0303030302030203
0304040404030303
0404040403030303
0303030303030405
0303030302020303
0203030303030303
0303030202020303
0303030202020303
0303030303030202
0202020302030303
0303030303030303
0202030303030303
0203030303020202
0303030203030303
0202020202020303
0203030302020202
0303030202020202
0303020203030303
0303030203030303
0303030303020203
0303030303020203
0404040504030303
0202030303030404
0202020202020203
0303020303030302
0202020206050403
0304040303030202
0303030303030303
0303030302020202
0202020203030202
0202020202020202
0202020302020202
0303030303030303
0203020203030202
0303040304030303
0404030303030303
0203030303030404
0303020302020203
0203030303030303
0303030202020302
0303030202030304
0303030303030303
0202020202030303
0303030303030302
0202030303030303
0303030302020202
0303030202030202
0202020202020203
0203030302020202
0303030202020202
0303030203030404
0303030303030303
0203030303030303
0304030303020203
0504040404030303
0303030403040404
0202020202020202
0303030303030302
0202020205050403
0404050303030302
0303030303030303
0303030302030203
0202020203030302
0202020202020202
0202020302030202
0303030303030203
0303020203030202
0303040403030202
0504030303030303
0203030303030405
0203030302030302
0203030303030303
0303030302020302
0303030202030303
0303030303030203
0302020302030303
0303030303030202
0202030303030303
0303030302020202
0303030203030202
0202020203030303
0202030302020202
0403030302020202
0302030203030404
0304030303030303
0303030303020203
0303030303030303
0404040503030304
0202030303030404
0202020202020202
0303030303030202
0202020205050403
0404040303030302
0303040303030303
0303030302030302
0202020203030303
0102020202010202
0202020302020202
0303030303030203
0303020203030203
0304040404030203
0504040403020303
0303030303030405
0303030302020202
0202030303030403
0303030202020302
0303030202030303
0303030303020303
0202030302030303
0303030303030302
0202030303030403
0203030303020202
0303030302030302
0202020202030203
