0202020202020202
0202020303030302
0302020202020202
0303030302030202
0202020203030202
0303030202030203
0302030303030303
0302020202030303
0303030402030302
0202020302020303
0202020202020202
0302020202020202
0202020303030303
0302020202020202
0202030303030202
0203020202020303
0202020203020202
0302020202020202
0404030303020303
0202030303030303
0202020202020202
0303030202020202
0303030302030304
0202020203020302
0302020202020202
0203030303030303
0302020202020202
0202020302020202
0404050402020303
0202020202030303
0303030302020202
0202020202030202
0303020202020202
0202020203020203
0302030303030302
0302020202020202
0303030203030203
0202020203030202
0302030303030302
0302030303030303
0202020203030303
0403040403030302
0202020202020303
0202020202020202
0302020202020202
0202030303030303
0202020202020202
0202030303030203
0202020203030303
0202020202020202
0302020202020202
0304030303020303
0202020303030303
0202020202020202
0203030202020202
0303030302030303
0202020203030303
0302020202020202
0303030303030303
0303020202020202
0303020202020202
0404050402020203
0202020202030303
0203030302020202
0202020202030302
0302020202020202
0202020302020302
0202030303030302
0202020202020202
0303030203030302
0203020203030203
0303020302030203
0302030303030303
0202020202030302
0303040503030202
0202020202030303
0302020202020202
0302020202020202
0202030303030303
0302020202020203
0202030303030203
0203020203020302
0202020202020202
0303020202020202
0304040303030203
0202020303030303
0202020202020202
0303020202020202
0303030302030303
0202020203030303
0203020202020202
0203030303030303
0303020202020202
0202020202020203
0304040402030303
0202020202020303
0303030302020202
0202020202030203
0302020203020202
0202020202020202
0202020303030202
0302020202020202
0303030202030202
0202020203020202
0302020202030202
0303030303030303
0202020202020303
0303030402030302
0202020202020303
0202020202020202
0302020202020202
0202030203030303
0202020202020202
0202030303030202
0202020203020302
0202020203020202
0302020202020202
0304030303020303
0202020303030303
0202020202020202
0303030202020202
0303030302020303
0202020203020202
0302020202020202
0203030303030303
0302020202020202
0202020202020202
0404040402020303
0202020202020303
0303030302020202
0202020202020202
0302020202020202
0302020202020302
0202020303030202
0202020202020202
0303030202020202
0302030303030203
0303020202030302
0303030303030303
0302020202030303
0303040502030302
0202030202030303
0202020202020202
0302020202020202
0202030303030303
0202020202020203
0202030303030202
0202020203030302
0202020202020202
0303020202020202
0304040303030303
0202020203030303
0202020202020202
0303030202020202
0303030302030303
0202020202020303
0302020202020202
0203030303030303
0303020202020202
0302020202020202
0304040402020303
0202020202030303
0203030302020202
0202020202020203
0303020202020202
0202020202030203
0202020303030202
0202020202020202
0303030202030202
0202020303030203
0303020202030302
0303030303030303
0202020203030303
0303040402030302
0202020202030303
0202020202020202
0302020202020202
0202020203030303
0202020202020202
0202030303030202
0203020303030303
0202020202020202
0302020202020202
0304030303030302
0202020304030303
0202020302020202
0303030202020202
0303030303030303
0202020303020203
0203020202010202
0203030303030303
0302020202020202
0302020202020202
0404040402020203
0202020202020303
0303030302020202
0202020203020202
0303020202020202
0302020202020302
0202020303030202
0302020202020202
0303030203030202
0203020203020203
0303030302030302
0203030303030303
0202020202030303
0303040402030202
0202020202020303
0202020202020202
0302020202020202
0202020303030303
0302020202020202
0202030303030203
0202030203030303
0202020202020202
0302030202020202
0304040303030302
0202020303040303
0202020202020202
0303020202020202
0303030302030304
0202020203030203
0302020202020202
0203030303030303
0303020202020202
0202020302020202
0404050402030303
0202020202030303
0303030302020202
0202020202030202
0303020202020202
0302020202020202
0202020303030302
0302020202020302
0302030203030202
0202020203030203
0303030302030302
0203030403030303
0202020202030303
0303030402030202
0202020202020303
0202020202020202
0302020202020202
0202030303030303
0302030202020202
0202030303030202
0203020202030302
0202020202020202
0302020202020202
0304030303030303
0202020303030303
0202020202020202
0302020302020202
0303030302030303
0202020203020303
0303020202020102
0203030303030303
0303020202020202
0302020202020203
0404050402020303
0202020202020303
0303030302020102
0202020202020203
0303020202020203
0202020202020302
0202020303030302
0202020202020202
0303030203030202
0202020203020202
0303030203030302
0302030303030303
0202020202030303
0303040402030302
0202030202030302
0202030202020202
0202020202020202
0202020303030303
0202020202020202
0203030303030302
0202020202030302
0202020202020202
0203020202020202
0304030402030302
0202020303030303
0202020302020202
0302020202020202
0303030302030303
0202020203030203
0302020202010202
0203030303030303
0302020202020202
0203020202020203
0404040402020303
0202020202030303
0303030302020202
0202020203020302
0302020202020202
0202020202020303
0202020303030302
0302020202020202
0303030202030202
0203020203020202
0303030202030303
0203030303030303
0202020202020303
0403030502030202
0202030202020303
0202020202020202
0302020202020202
0202030203030303
0202020202020202
0203020303030203
0202020203030302
0202020203020202
0202020202020202
0304040303030303
0202020303030303
0202020202020202
0302030302020202
0303030302030303
0202020203020202
0302020202010202
0203030303030303
0303020202020202
0302020202020203
0404050403030203
0202020202030303
0303030302020202
0202020202030302
0303020202020202
0202020202020203
0202020303030303
0202020202020202
0303030202020202
0202030203030203
0303030302030303
0303030303030303
0202020202030302
0303030402030202
0202020202020303
0202020202020202
0302020202020202
0302030303030303
0202020202020202
0202030303030203
0202020202030302
0202020202020202
0302020202020202
0404040303030303
0202030304030303
0202020302020202
0303030202020202
0303030302020303
0202020303020203
0302020202010202
0303030303030303
0303020202020202
0202020202020202
0404040402020203
0202020202030303
0303030302020202
0202020202030203
0302030202020202
0202020202020202
0202020303030202
0302020202020202
0303030202030202
0202020203020202
0303030203030202
0303030303030303
0202020202020303
0303030403030202
0202020202020303
0202020202020202
0302020202020202
0202020203030303
0202020202020202
0202030303030202
0202020203020302
0202020203020202
0202020202020202
0304030303030303
0202020303030303
0202020302020202
0303030202020202
0303030302030303
0202020203020203
0303020202020202
0203030303030303
0303020202020202
0202020202020202
0304040402020303
0202020202020303
0303030302020202
0202020202020202
0303020202020202
0202020203030202
0202030303030202
0202020202020202
0303030202030202
0203030203030303
0303020203030202
0302030303030303
0202020202030303
0303040503030202
0202020202020303
0202020202020202
0302020202020202
0202020303030303
0202020202020202
0202030303020202
0202020203020302
0202020202020202
0302020202020202
0304030303030303
0202020303040303
0202020302020202
0303030202020202
0303030302030303
0202020203020303
0303020202020202
0203030303020303
0303020202020202
0302020202020203
0304040402020203
0202020202020303
0303030302020202
0202020202020202
0303020202020202
0202020202020303
0302020303030202
0202020202020202
0203030302030203
0302020303020203
0303020202030302
0303030303030303
0202020202020303
0303030402030202
0202020202030303
0202020202020202
0302020202020202
0203030303030303
0202020202020202
0203030303030203
0202030303020303
0202020202020202
0302020202020202
0303030303030203
0202020304030403
0202020202020202
0302030202020202
0303030303030303
0202020203030303
0302020202020202
0203030303030303
0302020202020202
0202030202020203
0404040402020203
0202020202020303
0303030302020202
0202020202020203
0303030202020202
