0201010203030202
0201010102020202
0302020302020201
0303030303030303
0303020303020303
0303030304040404
0305050502020203
0302030203040303
0202020202030203
0303030302020202
0202020203030303
0202020201010102
0302020202020202
0303030404030303
0303030302020202
0303020203030304
0303020202020202
0303020202030303
0202020203030303
0202020202020101
0303030302020202
0303020202030303
0202020202030203
0101010202020201
0203030302020201
0303020202020202
0303020204050403
0303030303020303
0202030302020202
0303030303030202
0303030303030203
0202020303030303
0202020202020202
0101020203030303
0201020201010202
0202020302020201
0303030303030302
0303030303030303
0203030304050403
0404050402020202
0302020303030303
0202020202020203
0303020202020203
0202020203030303
0201020201010202
0302020202020202
0303040404030303
0303040302020202
0202030203030404
0303030302020202
0203020302030303
0202020203020303
0202020202020202
0303030302020202
0303030202020303
0202020202030203
0101020202020202
0203030302020201
0303020202020202
0303030204040403
0303030303030303
0202030302030202
0303030302030202
0303030303030203
0202030303030303
0201020202030202
0201010203030303
0101020101020201
0202020202020202
0303030303030303
0303030303020303
0203030304040403
0305050502020303
0302020303030303
0202020202020203
0303030202020202
0202020203030303
0201020201010202
0302020202020202
0303040404030303
0303040302020202
0303030203030304
0303020302020202
0302030202020303
0202020203030303
0201020201020202
0303030302020202
0303020202020303
0202020202030302
0101010202020202
0203030302020202
0303020203020202
0303030305040404
0303030303030303
0302030302020202
0303030202030202
0303030303030303
0203030303030303
0202020202020202
0101010203030202
0102010101010202
0202020202020202
0303030303020202
0303020303030303
0303030304040403
0304060502020202
0202020303030303
0202020202020203
0303030202020202
0202020203030303
0201020201010102
0202020202020202
0303040404030303
0303030302020202
0203020203030404
0302020302020202
0202030202030303
0202020203030302
0202020202020202
0303030302020202
0303020202030303
0202020202030202
0101010202020101
0202030302020201
0303020202020202
0303030204050403
0303030302030303
0203030302020202
0303030203030202
0303030303030203
0202030303030302
0202020202020202
0102020203030302
0101010101020102
0302020302020201
0303030303020303
0303030303030203
0303030304050404
0405050502020202
0302030203030303
0202020202020203
0303030302020202
0202010203030303
0202020201020102
0302020202020202
0303040404030303
0304040302020202
0203030203030304
0302030302020202
0202020202020303
0202020203030303
0202020102020202
0303030302020202
0303030202030303
0202020202020302
0102020202020201
0202030302020201
0303030203020202
0303030304040403
0303030302030303
0203030302020202
0303020302030303
0203030303030202
0202030403030303
0202020202020202
0101010203030203
0102020201020202
0202020302020202
0303030303020202
0302020303030303
0303030303040403
0304050502020202
0302020303030303
0202020202020203
0303030202020202
0202010203030303
0202020201010102
0202020102020202
0303040404030303
0303040302020202
0203030303040304
0303020302020202
0202030202020303
0202020203030303
0202020202020202
0303030302020202
0303020202030303
0202020203030302
0101020202010102
0202030302020201
0303030303020202
0303030304040403
0303030303030303
0303030302030202
0303030302020202
0303020303030303
0202030403030302
0202020202020202
0201010203030303
0201010102020201
0202020202020201
0303030303030303
0303030303030303
0303030304050403
0305050502020202
0203020303030303
0203020202020203
0303030202020203
0202020203030303
0201020201010102
0303020202020202
0303040504030203
0303040302020203
0203030203030404
0302020302020202
0202030203030303
0202020203030302
0201020202020202
0303030302020202
0303030202030303
0202020202030203
0102020202020101
0202030302020201
0303030303020202
0303030204050403
0303030302020303
0203030302030202
0303030303020202
0303030303030203
0203030403030302
0202020202020302
0101010203030202
0101010101020202
0202020302020202
0303030304020203
0303020303030303
0203030303050403
0304050502020202
0202020303030303
0202020202020203
0303020202020202
0202020203030303
0202020201010102
0202020202020202
0303040404030303
0303040302020202
0203030203030403
0302020302020203
0202020302030303
0202020203030303
0202020202020201
0303030302020202
0203020202030303
0202020203030202
0101020202020102
0202030302020202
0302020302020303
0303020204050403
0303030302030303
0302030302020202
0303030203020202
0303020303030203
0202030403030303
0202020202020302
0102020203030303
0202010201020201
0202020302020202
0303030303020303
0303030303030303
0303030304040403
0405050502020203
0302020303030303
0202020202020203
0303030203020302
0202020203040303
0202010201010102
0202020202020202
0303040404030303
0303040302020202
0203020203030404
0303030302020202
0202030202030303
0202020303030302
0202010202020202
0303030302020202
0303020202030303
0202020202030202
0101020202020102
0202030302020202
0303020202020202
0303030304050403
0303030302030303
0302020302030202
0303030203030202
0303030303030303
0202030403030303
0202020202020202
0102010203030202
0202020201020202
0202020302020202
0303030303030203
0303020303030303
0303030304050404
0304050502020202
0302020303030303
0202020202020203
0303030202020202
0202010203030303
0201020201010102
0302020202020202
0303040404030303
0303030402020202
0203030203030304
0302030302020202
0202020202020303
0202020203030302
0202020202020202
0304030302020202
0302020202030303
0102020202030202
0101020202020101
0202030302020202
0303030202020202
0303030304040403
0303030303030303
0303030302020202
0303030303020202
0303030303030203
0202030403030303
0202020202020302
0101010203030203
0201010101020202
0202020202020202
0303030303020302
0303030203030303
0303030304050404
0305050502020203
0202020303030303
0202020202020203
0303030302020202
0202010203030303
0202020201010102
0202020202020202
0303040404030203
0303030302020202
0303030203030304
0303030302020202
0202030302020303
0202020303030302
0202020202020202
0303030302020202
0303030303020303
0202020203020302
0102010202020101
0202030302020201
0303020302020202
0303030304050403
0303030302030303
0303030302020202
0303020302030202
0203030303030203
0202030403030303
0202020202020202
0101010203030202
0202010101020202
0202020302020202
0303030303030302
0303030303020303
0303030304040403
0304050502020202
0302020303030303
0202020202020203
0303020202020202
0202020203030303
0202020201010102
0202020202020202
0303040404030303
0303040302020202
0202030203030404
0302030202020202
0202030202030303
0202020203030302
0202020202020202
0303030302020202
0303020202030303
0202020202030202
0101020202020101
0202030302020201
0303030202020202
0303030204040403
0303030302030303
0302030302030202
0303030303030202
0303030303030203
0202030403030302
0202020202020202
0101010104030303
0101010101020102
0202020302020202
0303040303020302
0303030303030303
0303030304050403
0304050502020202
0302020303030303
0202020202020203
0303020302020202
0202020203030303
0202020201010202
0202020202020202
0303040404030303
0303040302020202
0203030203030404
0202020302020202
0202030202030303
0202020204030302
0202020202020102
0303030302020202
0303020302020303
0102020202030202
0101020202010201
0202030302020201
0303030302020202
0303030204050403
0303030302030303
0202030302020202
0303030203030202
0303030303030203
0202030303030302
0202020202030202
0101010203030203
0202020202020202
0202020302020202
0303030303030203
0303030303020303
0303030304040403
0304050502020203
0202020303030303
0202020202020202
0403030202020202
0202020203030303
0201020201010102
0202030202020202
0303040404030303
0303040302020203
0202030303030304
0302020302020202
0202020202030203
0202020204030302
0202020202010102
0303030302020202
0302030202030303
0202020202030202
0201010202020201
0202030302020202
0303030302020202
0303030304050403
0303030302030303
0302030302030202
0303030303030302
0203030303030303
0202030303030303
0202020202020202
