0202020202020303
0302020303030303
0302020202020203
0303020303030303
0303030202020303
0303030203030303
0302020303030303
0302030303030404
0202020203030303
0302020202020202
0203030303030303
0303030303030302
0303020203030303
0303030302030202
0202020203040303
0303030303030303
0202030302020202
0302020202020202
0303020304040303
0403030302030202
0302030305040404
0203030302030303
0303030303030303
0202020203030303
0202020202020202
0403030404030302
0302020202020303
0302020202020203
0202020205040404
0403030403030202
0404040404030304
0202020303030405
0303030202010202
0202020202020303
0302030303030303
0302020202020203
0302030303030303
0303030202020303
0303030303030303
0303020203030303
0203030303040404
0202030203030303
0303020202020202
0203030303030303
0302030303020303
0303020203030303
0303030203020302
0202030203030303
0202030303030203
0202030303020202
0202020202020202
0202020203040303
0303030302020202
0202030305040404
0203030302020303
0303030303030303
0202030203030303
0202020203030202
0403030404030302
0202030202020303
0303020202030202
0202020205040404
0304030303030202
0504040404040304
0202030303030405
0203030302020202
0302020302020303
0303030303030303
0302020202020303
0303030303030303
0303030202030303
0303020303030303
0302020203030303
0202030303030404
0302030203030303
0303020202030202
0303030303030303
0302030303030302
0203020203030303
0303030202020303
0203030203040303
0302030303030303
0202020303030202
0302020202020302
0202020304040303
0303030302020202
0202030305040404
0303030302020303
0303030303030303
0202020203030303
0202020202030203
0403040504030302
0303030202020303
0202020202030303
0202020205040404
0404030303030202
0404040304040303
0202030303040405
0203030302020102
0202020203020303
0302020303030302
0202020202020303
0303030303030303
0303020202020303
0303020203030303
0303020203030303
0202030303040404
0202020203030303
0302020202020203
0203020203030303
0302020302030302
0203020203030303
0303030202020202
0202030203030303
0203030303030302
0202020303020202
0202020202020202
0202020304040303
0403030202020202
0202030304040404
0303030202020203
0302030303030203
0202020203030303
0202020202020203
0303030403030202
0303030202020203
0202020202020203
0202020205040404
0303030303030202
0404040304040303
0202020303030404
0203030302010202
0302030302020303
0302030303030203
0302020202030303
0303030303030303
0303030302020303
0303030202030303
0303020203030303
0302030303030404
0203030203030303
0302030202020202
0303020203030303
0302020302030303
0303030203030303
0303030202020303
0203030203030303
0302030303040303
0202020303030202
0202020202020302
0303020204040303
0303030302020203
0203030405040404
0303030202020203
0302030303030303
0202020202030303
0202020202020202
0403040404030302
0203030302020303
0302020202020203
0202020206040304
0303030303030202
0404040404040303
0202030303040405
0303030302010202
0202020203020303
0302030303030303
0302020202020203
0302030303030303
0303030302030303
0303020203030303
0303020203030303
0202020303040404
0202020203030303
0303020202030202
0202020303030303
0302030302030302
0203030203030303
0303030303030203
0202030203030303
0203030303030203
0202020303030203
0202020202020203
0303030204040303
0303030303020203
0202030404040404
0203030303030303
0303030303030302
0202020302030303
0202020203020202
0303040404030202
0302030202020304
0303020202020202
0202020205040304
0303030303020202
0404040304040403
0202030303030405
0302030202020202
0302020202020303
0302020303030303
0302030202020202
0302030303030303
0303030202030303
0303020303030303
0303030203030303
0202030303030404
0203020203030303
0303020202020203
0303020303030303
0302030303030303
0203020203030303
0303020302020203
0302030303040303
0303030303040303
0202020303020202
0202020202020202
0302030304040402
0303030303020203
0302030304040404
0203030202020303
0202030303030303
0202020202030303
0202020202030202
0404040504030202
0202030202020304
0202020202020203
0202020205040404
0403030303020202
0404040304030303
0202030303040405
0303030302010202
0302020203020303
0302020303030303
0302020202020303
0303030303030303
0303020203020303
0303030303030303
0302020303030303
0202030303030404
0202030203030303
0303020203020202
0303030203030303
0303030303030302
0303020203030303
0403030302020303
0202030203030303
0303030303030302
0202020303030203
0202020202020303
0303020204040303
0403030302020202
0202030304040404
0203030302020303
0203030303030303
0202020302030303
0202020202020202
0303040504030303
0303030202020304
0303020202020203
0202020205040404
0403030303030202
0404040304030303
0202020303040405
0303030301010202
0202020203020303
0302030303030302
0202020202030202
0303030203030303
0303030202030303
0303030203030303
0302020203030303
0202030303030403
0202030203030303
0302020202030302
0203030203030303
0203020303030303
0203020203030303
0303030202030303
0302030203040303
0203030303030303
0202020303020202
0202020202030202
0302020304040303
0403030302020203
0202030404040504
0203030202020303
0202030303030303
0202020303030303
0202020202020202
0403040404030202
0303030202020303
0203020202020203
0202020206040404
0303030303030202
0404040304040303
0202030303040405
0303030202020102
0202020203030303
0302020303030302
0302020202020203
0303020303030303
0303030202030303
0303030203030303
0303020203030303
0202020303030304
0203020203030303
0303020202020202
0303020303030303
0302030203030302
0203030203030303
0303030303030202
0203030203030303
0202030303030303
0202020303030202
0202020202020303
0203030304040402
0403030302020202
0303030304040404
0203030302020203
0303030303030303
0202020303030203
0202020202020203
0403040404030302
0203030202020303
0302020202020203
0202020205040404
0303030303020202
0404040304040304
0202030303030405
0303020302010202
0202020203020303
0302020203030303
0303020202020203
0303030303030303
0303030203030303
0303030303030303
0303020203030303
0202030303040404
0203030203030303
0303020202020202
0203020303030303
0303030302030303
0303020203030303
0302030202020202
0202020203040303
0202030303030302
0202020303020202
0202020202020202
0303030303040303
0403030303030302
0202030304040403
0203030203020303
0302030303030303
0202020302030303
0202020202030203
0403030404030302
0303030302020303
0302020202020303
0202020205040404
0303030303030202
0404040304040303
0202020303040405
0302030302010202
0202020202020303
0302020303030302
0302020202020303
0303030303030303
0303020202020303
0303020203030303
0302020203030303
0202030303030404
0202020203030303
0303020202020203
0203020203030303
0302020303020302
0203020203030303
0303030202020202
0302030203030303
0203030303030303
0202020302020202
0202020202020302
0202020203040302
0403030302020202
0202030404040404
0203030202020303
0202030303030302
0202020202030303
0202020202020202
0403030403030202
0303030202020203
0202020202020203
0202020206040404
0303030303030202
0404040304030303
0202020303030405
0203030302010102
0202020203020303
0302030303030203
0302020202020203
0303030303030303
0303030202020303
0303020203030303
0302020203030303
0303030303040404
0202030203030303
0303020202020203
0203030303030303
0303030203030302
0303020203030303
0303030302020203
0202030203030303
0302030303030302
0202020302030203
0302020202020202
0302020304040302
0303030302020202
0202030404040404
0303030303020303
0203030303030303
0202020203030303
0202020202020202
0404040403030202
0202020202020203
0302020202020203
0202020206040404
0303030303030202
0404040304040303
0202020303040405
0303030302020202
0202020203030303
0302020303030302
0302020202020203
0303030303030303
0303030202020303
0303020203030303
0303020203030303
0202030303030404
0202020203030303
0303020203020202
0202020303030303
0302030202020303
0303030203030302
0303030302020302
0303030203030303
0202030303030303
0202020302020203
0202020202020202
0303030204040303
0303030203020202
0202030304040404
0303030203020203
0303030403030302
0202020203030303
0202020202030203
0403040404030202
0302030202020303
0203030202020203
0202020205040404
0403030303030202
0404040404040403
0202030303040405
0303030302010102
