0202020202020202
0302020303030202
0202020202020303
0203030202020202
0202020202020202
0303020202020202
0303030304040303
0202020202030303
0304040402020202
0202020202020303
0202030302020202
0202020202020202
0303030303030203
0202020302030202
0202020302020202
0303020302020202
0202020202020202
0302020202020202
0202020202020203
0403030302020202
0202030304040405
0202020202020202
0202030203020203
0202020202020202
0303030303020302
0202020202020303
0202020202020202
0202020202020202
0202020304040403
0302020302030202
0202020202020202
0303030202020202
0303020204030403
0202020202020302
0202030303030202
0202020202020303
0202030202020202
0202020202020303
0303020202030202
0303030304040303
0202020203030303
0304040402020202
0202020202020304
0202030302020202
0202020202020202
0203030302030202
0202020203030302
0202030302020202
0202030303030202
0202020302020202
0302020202020202
0202020202020303
0403030302020202
0202030304050404
0202020202020202
0203030302030202
0202020202020202
0304030303030302
0202020202020302
0202020202020202
0303020202020202
0202030304040303
0303030302030202
0102020202020203
0303030202020202
0302020203040404
0202020202020202
0202030303030202
0202020302020303
0303030302020202
0202020202020202
0303020202030202
0303030304040303
0202020203030303
0304040402020202
0202020202030304
0302030302020202
0202020202020202
0302030302020202
0202020202030202
0202030302020202
0302030303030202
0202020302020203
0303020202020202
0202020202030203
0403030302020202
0202020304040505
0202020202020202
0203030302030202
0202020202020202
0303030303030203
0202020303020303
0202020202020202
0202020202020202
0203020304040303
0302020302030202
0102020202020203
0303030202020202
0302020203040303
0202020202020202
0202020303030202
0202020202030303
0202030202020202
0202020202020203
0303020202030202
0303030304030303
0202020203030303
0304040402020202
0202020202020303
0202030302020202
0202020202020202
0203030302020202
0202020203030202
0202030302020202
0202020302020202
0202020202020202
0302020202020202
0202020202020302
0403030202020202
0202030304040405
0202020202020202
0202030202020202
0302020202020202
0303030303020203
0202020202020203
0202020202020202
0302020202020202
0202020204040303
0202020302030202
0202020202020203
0303030202020201
0302020203030303
0202020202020202
0202030303030202
0202020302030303
0202030202020202
0202020202020202
0303020202020202
0304030304040303
0202020203030303
0304040402020202
0202020202020304
0203020302020202
0202020202030202
0203030302030203
0202020202030302
0202030302020202
0202020303030202
0202020302020203
0303020202020202
0202020202020303
0403030302020202
0203030304040505
0202020202020302
0203030202020202
0302020202020202
0303030303020203
0202020203030203
0202020202020202
0302020202010202
0202020304040303
0202020302020302
0102020202020202
0303030202020202
0303020204030304
0202020202020202
0202030303030202
0202020302020303
0302030202020202
0202020202020203
0302020202030202
0303030304030303
0202020203030303
0304040402020202
0202020202030304
0202020302020202
0202030202020202
0203030302030203
0202020203030202
0202020302020202
0202030302030202
0202020302020203
0302020202020202
0202020202030302
0403030303020202
0202030304040405
0202020202020302
0203030303020302
0202020202020202
0303030303020303
0202020203020302
0202020202020202
0203020202020202
0202020204040303
0203030302030202
0202020102020302
0303030202020202
0302020203040404
0202020202020202
0302020303030202
0202020202030303
0202030202020202
0202020202020303
0303020202020203
0303030304030303
0202020203030303
0304040402020202
0202020202020304
0303030302020202
0202020202020202
0203030303020203
0302020203030202
0202030302020202
0303030302030202
0202020302020202
0302020202020202
0202020202030303
0403030303020202
0202020304040405
0202020202020302
0202030202020202
0303020202020202
0303030303030303
0202020203030203
0202020202020202
0203020202020202
0202020204040303
0302030303030202
0202020202020203
0403030202020202
0302020203030403
0202020202020202
0202020303030202
0202020302020303
0202030203020202
0203020202020203
0303030202030202
0303040304030303
0202020203030303
0304040402020202
0202020202020304
0202030302020202
0302020202020202
0203030303030202
0302020203020202
0202030302020202
0202030302030202
0202020302020203
0302020202020202
0202020202030202
0403030303020202
0203030304040405
0202020202020203
0203030302020202
0302020202020202
0303030303020202
0202020203030303
0202020202020202
0303020202020202
0202020204040303
0202030203020202
0202020202020203
0303030302020202
0303020203040404
0202020102020302
0202020303030202
0202020202030303
0202030202020202
0202020202020202
0303030203020302
0303030304030303
0202020203030303
0304040402020202
0202020202030303
0202030302020201
0202020202020202
0203030302030202
0202020203030202
0202030302020202
0202030202030202
0202020302020202
0303020202020202
0202020202030302
0403030302020202
0203030304040405
0202020202020202
0202030202030202
0202020202020202
0303030303020303
0202020202020203
0202020202020202
0303020202020202
0202020204040403
0202030203030202
0202020202020303
0303030202020202
0302020203040303
0202020202030203
0302020303030302
0202020302020303
0302030202020202
0202020202020203
0303020202030203
0303040304030303
0202020202030303
0304040402020102
0202020202020304
0202030302020202
0302020202020202
0303030303030202
0202020203030202
0202030302020203
0202020303030202
0202020302020202
0203020202020202
0202020202030202
0403030303020202
0203030304040505
0202020202020202
0203030202030202
0302020202020202
0303030303020303
0202030202020303
0202020202020202
0203020202020202
0202020304040303
0202020303020202
0202020202020203
0303030202020202
0302020203030304
0202020202020203
0302020303030202
0202020202020303
0203030302020202
0202020202020202
0303020202020303
0303040304030303
0202020203030303
0304040402020202
0202020202020303
0202030302020202
0202020202020202
0203030302030203
0202020202030202
0202020302020202
0202030202030302
0202020302020202
0302020202020202
0202020202030202
0403030303020202
0202030304040505
0202020202020202
0203030303020202
0202020202020202
0303030303030303
0202020202020303
0202020202020202
0303020202020202
0202030304040303
0202020302030202
0102020202020202
0303030202020202
0302020203030403
0202020202020202
0202020303030202
0202020202030303
0202030202020202
0202020202020203
0302020202030202
0303030304030303
0202020203030303
0304040402020202
0202020202020304
0202030302020202
0202020202020202
0203030302020202
0202020203030202
0202020302020202
0202030303030202
0202020202020202
0302020202020202
0202020202030302
0403030302020202
0203020304040405
0202020202020202
0203030202030202
0202020202020202
0303030303020303
0202020202020203
0202020202020202
0302020202020202
0202020204040303
0202030303020202
0202020202020202
0303030202020202
0302020203030404
0202020202020202
0202030303030202
0202020302030303
0202030202020202
0202020202020303
0303020202030203
0303030304030303
0302020203030303
0304040402020202
0102020202030304
0202030302020202
0202020202020202
0203030302030203
0202020202030203
0202020302020202
0202030303030202
0202020302030203
0302020202020202
0202020202030302
0403030302020202
0202030304040405
0202020202020202
0203030202030202
0302020202020202
0303030303030303
0202020302020203
0102020202020202
0303020202020202
0202020204040303
0203030303030202
0202020202030203
0303030202020201
0303030204030404
0202020202020203
0302020303030202
0202020202020303
0203030302020202
0202020202020202
0303020202020302
0303040304040303
0202020202030303
0303040402020202
0202020202020304
0202030302020202
0202020202020202
0203030303030202
0202020202030302
0202020302020203
0202030302030202
0202020302020203
0303020202020202
0202020202030202
0404030303020202
0202030305040405
0202020202020202
0203030302030202
0302020202020202
0303030303030303
0202020302020203
0201020202020202
0303030202020202
0202020303040403
0202030302030202
0102020202020202
0303030202020202
0302030203030303
