0202020203020202
0202020202020202
0202020203030202
0202020201020202
0202020202020202
0303040303020202
0303030303030203
0302020202020203
0202020202020202
0202020302020302
0202020202020202
0202020202020201
0202020202020202
0302020302020202
0202020203020202
0303020202020202
0202010102020202
0302020202020201
0304040303030303
0202020302030303
0202020302020202
0303020202020202
0302020202020202
0202020202020202
0202020202020202
0202020202020302
0302020202020202
0302020202020202
0202020202010202
0202030303030202
0202020302020202
0202020202020202
0202020202020202
0202020203020202
0202020202020202
0202020203020202
0202020102020202
0202020202020202
0303030303020202
0303030302020202
0202020202020303
0202020203020202
0202020202020303
0202020302020302
0202020202020202
0202020302020202
0202020202020201
0202020202020202
0202020202020203
0202020202020202
0202020202020201
0304040403030303
0202020303020303
0202030202020202
0303030202020202
0203020202020203
0202030302020202
0203020202020202
0202020202020302
0302020202020202
0302020202020202
0202020202010102
0202030302030203
0202020302020202
0202020202020202
0202020202020202
0202020202020202
0202020202030202
0202020303030302
0202020202020202
0202020202020202
0303030303020202
0303030302030303
0202020202020202
0202020203030202
0202020202030302
0202020202020202
0202020202020202
0202020302020202
0302020202020202
0202020203030202
0303020202020203
0102010202020203
0302020202020202
0304040403030303
0202020202020303
0202020202020202
0303020202020202
0202020202020202
0202020302020202
0203020202020202
0202020203020302
0202020202020202
0202020202030203
0202020202020202
0202030202030202
0202020202020201
0202020202020202
0202020202020202
0202020202020202
0202020202020202
0202020203030202
0202020202020202
0202020202020202
0303030303020202
0303030302020203
0202020202020202
0202020202020202
0203020202020302
0202020202020202
0202020202020202
0202020202020202
0202020202020202
0202020202020202
0202020202020202
0202020202020202
0202020202020202
0304030403030303
0202020302020303
0202020302020202
0303020202020202
0202020202020202
0202020302020202
0203020202020202
0202020202020202
0202020202020202
0302020202020202
0202020202010202
0202030303030202
0202020202020202
0202020202020202
0202020202020202
0202030202030202
0202020202020202
0202020303030202
0202020102020202
0202020202020202
0303030303020202
0303030302030203
0202020202020202
0202020202020202
0202030202030302
0202020202020202
0202020202020202
0202020302020202
0302020202020202
0202020203030202
0202020202020203
0202020202020202
0302020202020201
0304040303030303
0202020302030303
0203030202020202
0303030202020202
0202020202020203
0202020202020202
0203020202020202
0202020203030302
0203020202020202
0202020202020202
0202020202020102
0202030303030303
0202020302020202
0202020102020202
0202020202020202
0202020203020202
0202030202020202
0202020203020202
0202020202020202
0202020202020202
0303030303020202
0303030303020203
0202020202020202
0202020202020202
0203020202030303
0202020202020202
0202020202020202
0202020302020202
0302020203020202
0202020203020202
0203020202020203
0202010202020202
0202020202020102
0304040303030303
0202020302020303
0202020202020202
0303020202020202
0202020202020202
0202020302020202
0203020202020202
0202020302030203
0202020202020202
0203020202020203
0202020202010102
0202030302020202
0202020202020201
0202020202020202
0202020202020202
0202020202020202
0202020202020202
0202020203030202
0202020102020202
0202020202020202
0303030303020202
0303030302020203
0202020202020202
0202020202020202
0203020202020303
0202020202020202
0202020202020202
0202020202020202
0302020202020202
0202020203020202
0203020202020302
0202020202020202
0202020202020201
0304040403030303
0202020303030303
0202020202020202
0303030202020202
0202020202020202
0203020302020202
0203020202020202
0202030203030202
0302020202020202
0302020202020202
0202020202020202
0202030303020302
0202020202020201
0202020202020202
0202020202020202
0202020202020202
0202020202020202
0202020303020202
0101020202020202
0202020202020202
0303040303020302
0303030302020203
0202020202020203
0202020202020202
0203020202020303
0202020202020202
0202020202020201
0202020202020202
0302020202020202
0202020203030202
0203030202020202
0202010202020203
0202020202020202
0304040403030303
0202020302030303
0202030302020202
0303020202020202
0203020202020202
0202020302020202
0203020202020202
0202020302020303
0203020202010202
0302020202020202
0302020202020202
0202030203030202
0202020202020202
0202020202020202
0202020202020202
0202020202030202
0202020202020202
0202020203030202
0202020102020202
0202020202020202
0303030303020202
0303030303030203
0202020202020202
0202020203020202
0203020202030302
0202020202030202
0202020202020202
0202020302020202
0202020202020202
0202020202020302
0203020202020202
0202020202020202
0202020202020202
0304040403030303
0202020302020303
0202020202020202
0303020202020202
0202020202020203
0202020302020202
0203020302020202
0202020203020202
0302020202020202
0302020202020202
0202020202020202
0202030203030202
0202020202020201
0202020202020202
0202020202020202
0202020203030202
0202020202020202
0202020303030202
0202020202020202
0202020202020102
0303030303020202
0303030302030203
0202020202020203
0202020203020202
0203020202020302
0202020202020202
0202020202020202
0202030202020202
0202020202020201
0202020203030202
0303020202020202
0102020202020202
0202020202020202
0304040303030303
0202020302030303
0202030202020202
0303020202020202
0202020202020202
0202020303020202
0202020202020302
0202020202020302
0202020202020202
0203020202020202
0202020202020102
0102030303030202
0202020202020202
0202020202020202
0202020202020202
0202020203020202
0202020202020202
0202020203030202
0202020201020202
0202020202020202
0303030403020202
0303030302030203
0202020202020303
0202020202020202
0303020202020302
0102020202020202
0202020202020202
0202020302020202
0202020202020202
0202020203030202
0302020202020202
0202020202020202
0202020202020202
0404040303030303
0202020303030303
0202030302020202
0303030202020202
0202020202020202
0202020202020202
0203020202020202
0202020203020302
0202020202020202
0202020202020202
0202020202010202
0202030302030302
0202030202020201
0202020202020202
0202020202020202
0202020202020202
0202020202020202
0202020203020202
0202020202020202
0202020202020202
0303030303020202
0303030302020203
0202020202020202
0202020202020202
0203020202020303
0202020202020202
0202020202020202
0202020202020202
0202020202020202
0202020202020202
0203020202020202
0202020102020202
0202020202020202
0304040303030303
0202020302020303
0202030202020202
0303020202020202
0202020202020202
0202020202020202
0203020202020202
0202020203020202
0202020202020202
0302020202020202
0202020202010102
0202030303030202
0202020202020202
0202020202020202
0202020202020202
0202020203020202
0202030202020202
0202020303020202
0202020202020202
0202020202020202
0303030303020202
0303030303020203
0202020202020203
0202020202020202
0202020202030302
0202020202020202
0202020202020201
0202020202020202
0302020302020202
0202020203020202
0202020202020302
0102010202020203
0202020202020202
0304040403030303
0202020303020303
0202030302020202
0303020202020202
0202020202020302
0202020203020302
0203020202020202
0202020202020202
0202020202010202
0202020202020202
0202020202010202
0202030303030202
0202020202020202
0202020202020202
0202020202020202
0202020202020202
0202020202020202
0202020303030202
0102020202020202
0202020202020202
0303030303020302
0303030302030203
0202020202020202
0202020202030202
0303020203030302
0202020202020202
0202020202020202
0202030202020202
0202020202020202
0202020202030303
0202030202020202
0202010202020202
0302020202020201
0304040304030303
0202020303020303
0202030202020202
0303030202020202
0202020202020202
0202020302030302
0202020202020202
0202020303030202
0202020202010202
0202020202020202
0202020202010202
0202030303030302
0202020202020201
0202020202020202
0202030202020202
