0303030302020303
0202020303020203
0304030302020202
0202020303040303
0303030302020202
0202030303030304
0203030302020202
0302030303030302
0202020202020203
0202020202020202
0303020204040404
0303020202020202
0202020302020203
0203030303030202
0202020203030202
0303020202020303
0202020203030403
0303020202020202
0202020204040404
0404040303030303
0303030303030303
0202020202030203
0202030303030203
0203020203020302
0302020202030302
0303030202030303
0202020203030303
0201010201010101
0303040602010102
0202020303030203
0203020301020202
0202020303030202
0303030203030302
0303030302030303
0202030302020203
0403030302020302
0202020303040303
0303040302020202
0202030303030304
0303030302020202
0303030303030202
0202020203020302
0203020202020202
0303030304050403
0303030202020303
0202020303030203
0203030303030302
0302020203030203
0303030202020202
0202020203030403
0303020202020202
0202020204040404
0404040303030303
0303030303030303
0203030202020302
0202030303030203
0203030303020302
0203020203020302
0303020202030303
0202020203030303
0202010101010201
0303040502010102
0202020302030203
0202020202020202
0302030303030302
0203020203030303
0304030302020303
0203030302030203
0304030302020302
0202030303030403
0303040302020202
0202030303030304
0203030302020202
0303030303030302
0202020203030203
0202020202030202
0303020204050404
0302030202020202
0202030302020202
0302030303030203
0202020203020203
0303020202020202
0202020203030404
0303020202020202
0202020203050303
0404040303030303
0303030303030303
0203030202030202
0203020302020203
0203020203020302
0202020202030303
0303020203020303
0202020203030303
0201010101020202
0304040602020102
0202020302030202
0202020202020202
0203030303030203
0303030203030302
0303030302020303
0202020302020203
0303040302020202
0202030303030303
0303030302020202
0202030303030304
0203030302020202
0302020303030202
0202020202020303
0202020202020202
0203020204050403
0303020202020302
0202020302020203
0203030303030202
0202020202030202
0303020202030302
0202020203030303
0302020202020202
0202020203040404
0404040303030303
0303030303030303
0203020202020202
0202020302020202
0203020202020302
0202020303030302
0303020202030303
0202020203030303
0201010101020201
0303040601010101
0202020202030202
0202020201020202
0202030303020202
0203030203030302
0303030302030303
0202020202020203
0304030302030202
0202030303030403
0303030302020202
0202030303030304
0303030302020202
0303030303020302
0202020202030303
0302030202020202
0303020204050403
0303020202020203
0202030303020203
0202030303030303
0202020203030202
0303020202030202
0202020203030403
0303020202020202
0202020203040404
0404040303030303
0303030303030304
0202030202020203
0202030302030203
0203020302020202
0202020302030302
0303020203030303
0202020203030303
0201010101010101
0304040501010101
0202020302030303
0202020302020202
0202030303020203
0303030203030303
0303030302020303
0203030302020303
0404030302020202
0202030303030303
0303030302020202
0202030303030304
0303030302020202
0303030303030202
0202020202020303
0302030202030203
0303020204050503
0303030202020203
0202030303020303
0203030303030202
0202020203020202
0303020302030203
0202020203030404
0302030202020202
0202020204050404
0404040303030303
0303030303030303
0202020202030202
0203030303030202
0203020303020202
0202020303030303
0303030302030303
0202020202030303
0202010101010101
0304040501010102
0202030302030203
0202020202020202
0202030303020202
0302030203030303
0303030302020303
0202020203020203
0304040302020202
0202030303040303
0303030302020202
0202030303030304
0303030302020202
0302020303030202
0202020202020203
0202020202020203
0303020204050403
0302020202020203
0202020303020203
0203030303030203
0202020202020203
0303030202030302
0202020203030404
0302030202020202
0202020203040404
0403040303030303
0303030303030304
0202030202020203
0202020202020203
0203030203020202
0202030302030302
0303030203030303
0202020203030303
0201010101010101
0304040602020202
0202030303030302
0302030302020202
0203030303030202
0303030203030303
0303030302020303
0202020302020203
0303030302020302
0202030303030303
0304030302020202
0203030303030304
0203030402020202
0302020303020202
0202020202020303
0302020202020203
0303020204050404
0303020202020302
0202030303020202
0303030303030202
0202020203030202
0303020202030202
0202020203030404
0302020202020202
0202020204050303
0404040303030303
0303030303030303
0202020202020203
0202020303020203
0303030302030303
0202020302030303
0303020203030303
0102020203030303
0201010101010201
0403040601020202
0202020203030202
0203020301020202
0202030303030202
0303030303030303
0303030302030303
0203030302020202
0303040302030302
0202030303030303
0303040302020202
0202030303030304
0303030302020202
0302020303030202
0202020203030303
0302020202020302
0202030204050403
0303020202020302
0202030303020302
0203030303030202
0202020203020302
0303020202030202
0202020203030403
0302020202020202
0202020204040403
0404040403030303
0303030303030303
0202020202030202
0202030302030203
0203030303020202
0202020303030303
0303020202030303
0202020203030303
0202010101020202
0304040601010201
0202020203030202
0202020202020202
0202030303020302
0303030203030303
0303030302030303
0203020302020203
0404030303020202
0202030303040303
0303030302020202
0202030303030304
0203030302020202
0302020303030202
0202020203030303
0302020202020203
0303020204050404
0302020202020202
0202030303020303
0202030303030202
0202020203030203
0303020202030302
0202020203030403
0302020202020202
0202020203040404
0404040303030302
0303030303030304
0202020202020203
0202030302030203
0203030303020202
0202020303020303
0303020202030303
0102020203030303
0202020102020102
0404040502020102
0202020303030202
0202020202010202
0202030303030202
0303020203030303
0303030302030303
0202030202020203
0304030302020202
0202020303030303
0303030302020202
0202030303030304
0203030302020202
0302020303030202
0202020202020303
0202020202020203
0203020204050403
0302020202020203
0202030302020302
0203030303020202
0302020203030203
0303020202020202
0202020203030303
0302030202020202
0302020203050404
0404040303030303
0303030303030303
0203030202030203
0202020302020303
0203020302020202
0202020302030303
0303020202020303
0102020203030303
0201010101010201
0404040602010102
0202020302030202
0202020202020202
0202030303030203
0303030203030302
0303030302020303
0202020302020203
0303040302020202
0202030303030303
0303030302020202
0202030303030304
0203030302020202
0302020303030202
0202020202020302
0202020202020203
0203020204050403
0302020202020202
0202020302020203
0202030303030202
0202020203020202
0303020202030202
0202020203030403
0302020202020202
0202020203040404
0304040303030302
0303030303030303
0202020202020202
0202030302020203
0203020202020302
0202020302030302
0303020202030303
0202020203030303
0201010101020101
0303040601010101
0202020302030202
0203020201020202
0202030303020202
0303030203030302
0303030302030303
0202030302020203
0404030302020202
0202030303040303
0303040302020202
0203030303030304
0303030302020202
0302020303030203
0202020202030303
0302020202020203
0203020204040403
0303020203020202
0202030303030203
0302030303030203
0202020203020203
0303020202020202
0202020203040404
0302020202020202
0202020204040404
0404040303030303
0303030403030303
0302020202030203
0202020302030303
0203030203020302
0202020302030303
0303020302020302
0202020203020303
0201010101020101
0304040502010102
0202020302030202
0202020201020202
0302030303020202
0303030203030303
0303030302030303
0302020303020203
0404040302020302
0202030303040303
0303040302020202
0203030303030404
0203030302020202
0302020302030302
0202020202030303
0203020202020203
0203030204040403
0302020202020203
0202030302030303
0203030303020303
0202020202030203
0303030302020202
0202020203030404
0302020202020202
0302020204040404
0404040304030303
0303030303030303
0303020202020203
0202030303020203
0303020303030302
0202020202030303
0303030202030303
0202020203030303
0201020101020102
0304040502010102
0202020302030303
0202020302020202
0202030303020202
0303030203030302
