0203030202020203
0202020202020203
0303030302030302
0202020303030303
0304040402020303
0203030202030203
0202020202030202
0303030303020203
0203020203030303
0202020302030302
0202020203030303
0203020303030302
0303030303020203
0202020302020202
0403040303030202
0202020202030303
0203020202020202
0302020303020202
0302020202020202
0303030303030303
0303030203030303
0202020203030303
0202020202020202
0202030203030302
0303030202020203
0202020202030303
0202030203030202
0202020202020202
0202020203020302
0303020302020202
0303020302030203
0202020302020302
0203020202020202
0303030203020303
0303020202020203
0303020303030302
0202020203030303
0303040402030303
0202030302020202
0302020202020202
0203030303020302
0202020203030303
0202020203030303
0202020202030302
0303030203030303
0303030303020202
0202020202020202
0404040303030202
0202020203030304
0303030302020202
0202020303020202
0202020202020202
0303030303030303
0303030303030303
0202020303030303
0202020202020202
0202030303030303
0303030202020202
0202020202020303
0202030203020202
0303020202020202
0202030203030302
0303030302020202
0203020303030203
0202020302020303
0202020302030203
0303030303020203
0203020202020203
0303020302020202
0202020303030303
0304040403020303
0203020202020203
0202020203020202
0203030303020302
0202020204040303
0202020302030302
0202020202030203
0203030303030202
0303030303020202
0202020302020203
0304040303030302
0202020202030304
0203030302020202
0202020302020202
0202020202020202
0303030303030303
0303030303030303
0202020203030303
0202020202020202
0202030303030303
0303020202020203
0202020303020303
0203030203020302
0202020202020203
0302020203030303
0303030302020202
0203030303020203
0302020302020202
0302020202020202
0203030203020203
0303020202020203
0303030303020202
0202020203030303
0304040402020302
0202030202020202
0203020202030202
0203030303020202
0202020203030303
0202020202030302
0202020202030202
0203020203030202
0303030303020202
0202020202020202
0403040303030202
0202020202030303
0203020202020202
0202020303020202
0202020202020202
0303030303030303
0303030203030303
0202020203030303
0202020202020202
0202030303030303
0303020202020203
0202020202020303
0202030203020202
0202020202020202
0302020203020303
0303030202020202
0203020302020203
0202020302020202
0203020202020202
0303030202020203
0302020202020203
0303030303030302
0202020203020303
0303040502020303
0203020202020203
0203020202030202
0203030303020202
0203020204040303
0202020203030302
0202020202020302
0203020303030202
0303030303020202
0202020202020303
0404040303030202
0202020202030304
0303030202020202
0202020303020202
0302020302020202
0303030303030303
0303030203030203
0202020203030303
0202020202020202
0202030303030303
0303030302020203
0202020203030303
0203030202020202
0302020202020202
0202020203020303
0303020302030203
0203020303020202
0202020302020303
0202030302020203
0303030203020203
0203020202020203
0302020302020303
0202020303020303
0304040403030302
0302020202030203
0202020203020202
0203030303030202
0202020204030403
0202020203040302
0202020203030302
0303030203020202
0203030303020303
0202020202020202
0403040303030202
0202020302030304
0303020202020202
0202020302020202
0202030302020202
0303030303030303
0303030303030303
0202020303030303
0202020202020202
0202030303030303
0303020202020203
0202020303030303
0203030202020202
0203020202020202
0302020203020202
0303030202020202
0303020203030203
0202020302020203
0302020202020202
0203030202020203
0302020202020202
0303030303020302
0202020303030303
0204040402030303
0303020302020203
0202030202020202
0203030303030202
0202020204030303
0202020202030303
0202020202020202
0303030203030202
0303030303020203
0202020202020203
0404040303030302
0202030202030304
0203020302020202
0202020303020202
0202020202020202
0303030303030303
0303020303030303
0202020303030303
0202020202020202
0202030303030203
0303030202030203
0202020203030303
0203030203020202
0202020202020202
0202020203030302
0303030302020202
0303030303020203
0202020302020302
0303020202020302
0303030203020203
0302020202020303
0303030303020303
0202030303030303
0304040403020303
0203030202030302
0203020202030202
0203030303020202
0202020203030303
0202020203030302
0202020202030203
0303020303020202
0303030303020202
0302020302020202
0404040303030302
0202020202030303
0303020202020202
0202020303030202
0302030202020202
0303030303030303
0303030303030303
0202020303030303
0202020202020202
0202030303030303
0303030302020203
0202020203030303
0203030203020202
0203020202020202
0302020203030303
0303020202020202
0203020202030203
0202020302020303
0303020302020303
0203030202020303
0303020202020203
0303030302030202
0202030203030303
0304040402020302
0302020202020302
0202020202030203
0203030303020202
0202020204030303
0202020203040302
0202020202030302
0303020203030202
0203030303020202
0202020202020202
0404030303030302
0202020203030303
0203030302020202
0202020303030202
0302020302020202
0303030303030303
0203030303030303
0202020303030303
0202020202020202
0202030303030303
0303020302020202
0202020202030303
0203020203020202
0203020202020202
0302020203020303
0303030202020202
0303030303030303
0202020302020203
0302030202020202
0203030203020203
0202020202020203
0303030303020203
0202020303030303
0304030403030302
0302020202020203
0203020202020302
0203030303020203
0302020204030303
0202020202030302
0202020202030302
0303020203030202
0203030302020203
0202020203020202
0404030303030203
0202020202030304
0203030202020202
0202020302030202
0202030202020202
0303030303030303
0303030303030303
0202020303030303
0202030202020202
0202030303030303
0303020202020202
0202030202030303
0203030203020202
0202020202020202
0302020203030303
0303020302030202
0203020302020203
0202020302020303
0302020302020203
0303030203020203
0302020202020203
0303030303020203
0202020303020303
0304040403020202
0303030302020303
0202020202020202
0203030303030302
0202020203030403
0202020202030302
0202020203030203
0302020202030302
0303030302020202
0202020202020202
0403040303030202
0202020202030303
0303030202020202
0202020303030202
0303020302020202
0303030303030303
0303030303030303
0202030303030303
0202020202020202
0202030303030202
0303020202020203
0202020202020303
0203030303030202
0203020202020202
0302020203020303
0302020302020202
0203030303020203
0202020302020202
0303020202020202
0303030202020203
0302020202020203
0303030303020302
0202020303030203
0304040402030302
0203030202020202
0202020202030202
0203030303020202
0202020203030302
0202020203030302
0202020202020202
0303020203030202
0303030303020202
0202020202020202
0404040303030202
0202020202030303
0303020202020202
0202020303020202
0202020202020202
0303030303030303
0303020303030303
0202020203030303
0202020202020202
0202030303030303
0303020202020203
0202020202030303
0202020203020202
0202020202020202
0302020203020302
0303030202020202
0203020203020303
0202020302020202
0302020202020202
0303030203020203
0203020202020203
0303030303020203
0202020303020303
0304040502020303
0203020202030203
0202020202020202
0303030303020203
0202020204030303
0202020203040302
0202020202020302
0303030203030302
0303030303030203
0202020302020203
0403040303030302
0202020202030303
0303020302020202
0202020303020202
0302020202020202
0303030303030303
0303020303030303
0202030303030303
0202020202020202
0202030203030303
0303030302020203
0202020302020303
0202030203020202
0202020202020202
0302020103020303
0303020202020202
0203030302030203
0202020302020302
0203030202030303
0303030203020203
0303020202020202
0303030303020303
0202020303030203
0304040502020302
0203020202020302
0202020202020203
0203030303020203
0202020204030303
0202020203030302
0202020202030203
0303020203020302
0303030303020202
0202030202020203
0404040303030302
0202020302020304
0203020202020202
0202020303030202
0302020302020202
0303030304030303
0303030303030303
0202020203030303
0202020302020202
0202030303030303
0303020202020202
0202020302030303
0202030202020202
0203030202020202
0302020203020303
0303030302020202
0203030303020303
0202020302020202
0302030202020202
