0202020201020202
0201020202020202
0202020201010201
0202020201020202
0303030202020202
0303050403030303
0404040403030202
0303030303030303
0404050402030203
0202020202020203
0303030303030203
0303030203020203
0303020304030303
0303020303020302
0202030303030303
0404040303030303
0202020202020203
0303030302020302
0302030203040404
0404050403030302
0203020204030303
0202020202020202
0404040302020202
0202020202030403
0302030303020302
0303030303030302
0404040402020203
0202030202030303
0304050402020202
0302020202020303
0202020302020203
0203030403030202
0303030304040302
0202020202020202
0202020202020202
0202020201010201
0202020202020202
0303030202020202
0203040403030303
0404040403030202
0303030303030304
0404050402020303
0202020202020303
0303030303030203
0303030203020203
0303020304040303
0303030303030302
0302030303030403
0303040303030303
0203020302020203
0303030202020202
0202030203050403
0404050404030302
0202020203030303
0202020202020202
0404040302020202
0202030203030304
0303030303030202
0303030303030303
0404040402020203
0303030302030303
0304050402020202
0202020202030303
0202020203030203
0203030404030302
0303020304040303
0203020202020202
0102020202020202
0202010201020201
0202010202020202
0303030202020202
0203040403030303
0404050403030303
0303030303030303
0404050402030303
0202020202030303
0303030303020303
0303030203020203
0303020204030303
0303030302020203
0303030303040403
0304040303030303
0202020202030303
0403030202020202
0202020203040404
0404050403030203
0202020204030303
0202020202020202
0404040302020202
0202020203030304
0303020303030202
0303030303030303
0404040402020203
0203030203030303
0305050402020202
0202020202020303
0203020203020203
0203030403030203
0303020304040303
0202020202020202
0202020202020202
0202020201020202
0202020202020202
0303030202020202
0203040403030303
0404040403030202
0303030303030303
0404050402020203
0202020202020303
0303030303020203
0303020202020203
0302020304030303
0302030303020202
0303030303030403
0303040303030303
0202020202020303
0303030202020202
0202030203040403
0404050403030302
0202020204030303
0202020202020202
0403040301010202
0202020203030304
0303030303020202
0303030303030302
0404040402020203
0202030202030303
0304050402020202
0202020202020303
0202020202020203
0203030403030202
0303030304040302
0203020302020202
0202020202020202
0202020201020201
0202020102020202
0303030202020202
0203040404030303
0404040403030302
0303030303030303
0404050402030303
0302030202030303
0303030303020203
0303020302020203
0302020204030303
0303030302020302
0303030303030303
0303040303030303
0202020202030303
0303030202020202
0302030203040404
0404050404030303
0203030203030303
0202020202020202
0404040301020102
0202020203030304
0203030303030202
0303030303030302
0404040402020203
0303030202030303
0305050402020202
0202020202030303
0202020203020203
0203030403020203
0303030304040303
0202020202020202
0202020202020202
0201020201020202
0202010102020202
0303030302020202
0203040403030303
0404040403030202
0303030303030303
0404050402020203
0302020202030203
0303030303030203
0303030202020203
0303020204040303
0303030303020202
0303030303030303
0303040403030203
0203020202020303
0303030202020202
0203030203040403
0404050404030303
0203020204030303
0202020202020202
0304040302020202
0202020203030304
0303030303020202
0303030303030303
0404040402020303
0203030303030303
0404050402020202
0202020202020303
0202020203020303
0203030404030202
0303030304040303
0203020202020202
0202020202020202
0202020201020201
0202020202020202
0303030302020202
0203040403030403
0404040403030202
0303030303030303
0404040402020203
0202020202020203
0304030303020202
0303020202020203
0302020204040303
0303030303020202
0303030303030403
0304040303040303
0202020202020203
0303030202020202
0202030204050403
0404050404030303
0202020203030304
0202020202020202
0303040201010202
0202020203030304
0303030303030202
0303030303030302
0404040402030203
0203030202030303
0404050402020202
0202020202020303
0202020203020303
0203030404030202
0303030304030303
0203020202020202
0202020202020202
0201020202020202
0202010102020202
0303020202020202
0203050404030303
0404050403030302
0303030303030303
0403050402020203
0202020202030303
0303030303030203
0303020202020203
0302020204040303
0303030302020202
0203030303030403
0304040403030303
0202020202020303
0303030202020202
0203030203050403
0404050404030303
0203020204030303
0202020202020202
0404030302010102
0202020203030304
0303020303020202
0303030303030303
0404030402020203
0303030202030304
0304050402020202
0202020202020303
0202020202030203
0203030403020203
0303030304040303
0203020202020202
0202020202020202
0102020201020202
0202020102020202
0303030202020202
0303040404030303
0404040403030203
0303030303030303
0404050403030203
0202020202030303
0303030303030203
0303020202020203
0302030304030303
0303030303020202
0303030303030403
0303040403030303
0202020203020303
0303030202030202
0202030303040403
0404050404030303
0203020204030303
0202020202020202
0303040302010202
0202020203030304
0303030303030303
0303030303030302
0404040402020302
0203030303030303
0304050402020202
0202020202020303
0202020203020303
0203030403030302
0303030304040303
0203020202020202
0202020202020202
0202020202020201
0202010202020202
0303020202020202
0303040403030303
0404040403030302
0303030303030303
0404050403030203
0202030202020303
0303030303030302
0303020203020203
0303020204030303
0303030303030202
0303030303040403
0304040403030303
0202020202030303
0303020202020202
0203030204040403
0404050404030202
0303020204030303
0202020202020202
0404040302020202
0202030203030303
0303020303020202
0303030303030302
0404040402020203
0203030203030303
0404040402020203
0202020202030303
0202020202020303
0202030403030202
0303030304040302
0202020202020202
0202020102020202
0102020201020201
0202020201020202
0303030202020202
0303040404030304
0404050403030202
0303030303030303
0404040403020303
0202020202020203
0303030303030203
0303020202020203
0302030204040303
0302030302020202
0303030303030403
0304040403030303
0202020202020303
0403030302020202
0303030203040404
0405050304030302
0202020304030303
0202020202020202
0404040302010202
0202020303030304
0303030303020202
0303030303030303
0404040402030203
0203030302030303
0404050402020303
0202020302030303
0202020203020303
0203030403030202
0303030304040302
0202020202020202
0202020202020202
0202020201020202
0202020202020202
0303030202020202
0203040404030303
0404040403030202
0303030303030303
0404040402020203
0202020202020203
0303030303020202
0303020202020203
0302020304030303
0303020303020202
0302030303030403
0303040303030303
0202020202020303
0303030202020202
0202030203050403
0404040404030302
0203020204030303
0202020202020202
0303040302010202
0202020203030303
0303030303020202
0303030303030302
0404040402020203
0203030202030303
0304050402020202
0202020202020303
0202020202020203
0203030403030202
0303030304040302
0202020202020202
0202020202020202
0202020201020202
0202020202020202
0303030302020202
0303050403030303
0404040403030202
0303030303030304
0404040402030203
0202020202030303
0303030303020303
0303030203020203
0303020304040303
0303030303020203
0303030303030403
0303040303030303
0202020302030203
0303020202020202
0202030203040403
0404040404030202
0202020303030303
0202020202020202
0403040302020202
0202020203030403
0303030303030202
0303030303030303
0404040402020203
0203030202030303
0304050402020202
0202020202020303
0202020202020203
0202030403020202
0303030304040303
0202020201020202
0202020202020202
0201020201020202
0202020202020202
0303030202020202
0303040404030303
0404040403030203
0303030303030303
0404050402030303
0202020202020203
0303030303020202
0302020202020203
0303030304040303
0303030302020303
0303030303040403
0403040303030303
0202020202020203
0303030202020202
0303030204050403
0404050404020303
0203020204030303
0202020202020202
0403040302020102
0202020203040403
0303020303030202
0303030303030302
0404040402020302
0203030202030303
0404050402020202
0202020302020303
0202020203020303
0203030403030202
0303030304040302
