0202020202020202
0201010101020202
0202010202020202
0202020101010202
0202020202020202
0303030202020202
0202020204030203
0202020202020202
0202020202020102
0303020202020202
0202020203030203
0202020201020202
0202020302020202
0202020202020202
0101010203020202
0202020202020202
0202020202020202
0202020202020202
0202020202010202
0202020102020202
0202020203030202
0202020202020202
0202020202020203
0202010202020202
0202020202020202
0201010201020202
0202020202020202
0101010202010102
0202020302020202
0202010202020202
0101020202020102
0202020202010101
0202020204030302
0102020202020202
0201020201020201
0202010203020202
0102020102020202
0202020202020202
0302030302020202
0202020203030303
0102020202020202
0202020202020201
0303030202020202
0202020203030302
0202020201010202
0202020302020201
0202020202020202
0202020203020202
0201020202020202
0203020202020202
0102020202020202
0202020202020202
0202020202020202
0202020203020202
0202020202020202
0202020202020202
0202020202020202
0202020203020202
0202010101020201
0202020202020202
0202010102020202
0202030302020202
0202020202020202
0101020202020202
0202020202020201
0202020204030303
0202020202020202
0102020101020202
0202010202020202
0202020201010202
0202020202020202
0202030202020202
0202020203030303
0202020202020202
0202020202020202
0303020202030202
0202020202020203
0202020202020202
0202020302020202
0202020202020202
0102020203020202
0202020202020202
0203020202020202
0201020101010202
0202020302020202
0202010202020202
0202020203020202
0202020202010202
0202020302020202
0202010202020202
0202020203030202
0201010202020202
0202020202020202
0101010201010202
0202020302020202
0202010202020202
0102020202020102
0202020202010102
0202010204030302
0102020202020202
0201010101020202
0202020202020202
0201020101010202
0202020202020202
0302030302020202
0202020203030303
0202020202020202
0202020202020202
0303030202020202
0202020202020202
0202020201010202
0202020202020202
0202020202020202
0202020203020202
0202020202020202
0202020201020202
0101020101020202
0202020202020201
0202020202020202
0202020203020202
0202020202020102
0202020202020202
0202020202020202
0202020203020202
0201010202020101
0202020202020202
0101010102010102
0202020301020202
0202020202020202
0101020102020202
0202020202010101
0202020204030302
0202020202020202
0101020101010202
0202020202020202
0201020101010202
0202020202020202
0303020202020202
0202020204030303
0202020202020202
0202020202020202
0303030202020202
0202010203020203
0202020201020202
0202020302020202
0202020202020202
0202020203030202
0202020202020202
0302020202020202
0101020201010202
0202020302020202
0202010102010202
0202020203020202
0202020202010202
0202020202020202
0202020201010202
0202020203020202
0202020102020201
0202020202020202
0201010101010102
0202020201020202
0201020202020202
0101020202020102
0202020202010101
0202020203030302
0102020202020202
0202020101020202
0201010202020202
0201020101010202
0202020202020202
0202030302020202
0202020204030203
0202020202020202
0202020202020202
0303020202020202
0202010203030203
0202020201010202
0203020302020202
0202020202020202
0102020203030202
0202020202020202
0202020202020202
0101020101020202
0202020302020202
0202010202020202
0202020203020202
0202020202020202
0202020302020202
0201020202020102
0202020203020202
0201010202020102
0202020202020202
0101010201020102
0202020301020102
0202020202020202
0102020102020202
0202020202010101
0202010204030303
0202020202020202
0202010102020102
0202020103020202
0202020102020202
0202020202020202
0303030302020202
0202020203030203
0202020101020202
0202020101020202
0303030202020202
0202020202020202
0202020201020202
0202020202020202
0202020202020202
0202020203030202
0202020202020202
0202020202020202
0101020102020202
0202020302020202
0202010202020202
0202020203030202
0202020202020202
0202020202020203
0202020202020202
0202020203030202
0202020202020101
0202020202020202
0101010202010102
0202020201020202
0201020202020202
0101020202020202
0202020202010101
0202020203030302
0202020202020202
0101020101010202
0201010202020202
0101020102010202
0202020202020202
0303030302020202
0202020303030303
0202020202020202
0202020202020102
0303020202020202
0202020203030202
0202020202010202
0202020202020202
0202020202020202
0202020203030202
0202020202020201
0202020201020202
0101020102020202
0202020202020201
0202020202020202
0202020203030202
0202020202010202
0202020202020202
0201020202020102
0202020203020202
0201010202020202
0202020202020202
0201010202020202
0202020301020202
0202010202020202
0101020202020102
0202020202010102
0202020203030302
0102020202020202
0202010201020202
0202020102020202
0202020102010102
0202020202020202
0302030302020202
0202020203030303
0202020201020202
0202020202020201
0303030202020302
0202020202030203
0202020201020202
0202030302020202
0202020202020202
0202020203030202
0202020202020202
0202020202020202
0101020202020202
0202020302020201
0202010202020202
0202020203030302
0202020202020202
0202020202020202
0201020202010202
0202020202020302
0201010202020101
0202020202020202
0102010201010202
0202020301020202
0202020202020202
0102020102020201
0202020202010101
0202020204030302
0102020202020202
0202020201020202
0202020202020202
0202020102020102
0202020202020202
0303030302020202
0202020203030302
0202020202020202
0202020202020202
0303030202020202
0202010203030302
0202020102020202
0202020202020202
0202020202020202
0202020203030202
0202020202020201
0202020202020202
0101020101020202
0202020202020201
0202010202020102
0202020203020302
0202020202020102
0202020202020202
0202020202020102
0202020202020202
0201020102020201
0202020202020202
0101010202010102
0202020302020202
0102020202020202
0101020102020202
0202020201010201
0202020203030302
0102020202020202
0201010101020202
0202010102020202
0202020201010202
0202020202020202
0303030302020202
0203020204030303
0202020202020202
0202020202020202
0303030202020202
0202020202020202
0202020201020202
0202020302020202
0202020202020202
0202010203030202
0202020202020202
0202020202020202
0101020201020202
0202020302020201
0202020202020202
0202020203020202
0202020202010202
0202020202020202
0202010202020102
0202020202020202
0201010202020202
0202020202030202
0101010101010202
0202020301010202
0201020202020202
0101020202020102
0202020202020102
0202020203030302
0101020202020202
0102010101020202
0202010203020202
0202020101010202
0202020202020202
0302030202020202
0202020203030303
0202020202020202
0202020202020202
0303030202020202
0202020203020202
0202020201020202
0202020202020202
0202020202020202
0202020203020202
0202020202020202
0202020201020202
0101020101020202
0202020202020201
0202010202020202
0202020203020202
0202020202020202
0202020202020202
0202020202020202
0202020203020202
0201010202020101
0202020202020202
0101010102010102
0202020301020202
0202020202020202
0101020102020102
0202020202010101
0202020203030302
0101020202020202
0102010101020102
0202020202020202
0201020101010202
0202020202020202
0203030202020202
0202020203030203
0202020202020202
0202020202020102
0303020202020202
0202020202020302
0202020202020202
0202020302020202
0202020202020202
0202020203020202
0202020202020201
0202020201020202
0202010101020202
0202020302020201
0202020202010102
0202020203020202
0202020202010202
0202020202020202
0202020202010202
0202020203020202
0202020202020101
0202020202020202
0101010101020102
0202020302010202
0202020202020202
0101020202020202
0202020201010101
0202020203030302
0101020202020202
0202020202020201
0201020202020202
0102020201020102
0202020202020202
0203030202020202
0202020204030303
0202020201010202
0202020202020202
0303030202020202
0202020202020202
0202020201020202
0202030302020201
0202020202020202
0202020203020202
0202020202020202
0202020201010202
0101020201020202
0202020202020202
0202010202010102
0202020203020202
0202020202010202
0202020302020202
0202010202020202
0202020202020202
0201020202020102
0202020202020202
0101020102010102
0202020301020202
0202020202020202
0102020202020201
0202020201020201
0202020203030302
