28144,25029,-14338,16701,29735,17964,32277,12823,29055,31859,32366,30125,-29808,9553,29363,28676,30204,17894,25762,25744,21712,18808,28100,25176,19863,26261,26046,32763,19393,-230,25303,32501,16781,21148,29464,-28192,-13767,-27404,5648,-30154,-15150,7661,5115,12890,-13608,31344,-14544,-15855,-12704,27450,-20249,20272,24542,26832,-16854,20973,26061,19597,19883,523,26412,32767,20820,-4167,
-8521,-15161,-20796,-9904,32304,12692,28669,30275,21948,21988,31299,22973,-31616,27915,15125,29125,32648,30821,29089,22159,32569,15238,-4790,32334,21573,19148,32247,14551,18408,32636,-487,25472,31640,-29049,-25323,31235,-5494,-30209,-15868,12536,24331,-24294,-9700,-23365,-8611,-17160,29068,-15015,-2797,11125,15084,24138,3602,29008,32415,-5309,24664,26591,5819,29359,27108,2930,32764,20613,
-20808,30737,-20055,19307,31988,-5046,12077,8707,-26984,9521,28756,21384,13477,32642,32328,-15153,-23563,31657,16557,32767,13052,26142,22359,32599,25944,30733,-3441,31754,-17075,25623,10326,29836,-25312,-11354,25913,26475,-7104,-32377,-30460,31589,18589,-31354,-15710,24828,29868,-2860,-5346,-29053,22771,-8459,-28276,213,-30056,19756,23953,3322,20016,-11366,32586,-8087,-27967,-20425,31098,13547,
21325,22268,30918,23125,28082,31416,26146,27161,8026,26725,24711,32694,23127,30805,32693,29529,29156,32210,22339,31860,30212,26428,32717,32762,23898,27430,31051,28823,32732,19540,32549,-1142,24879,-24038,10852,23215,16884,9314,19751,-18329,-31769,18960,21519,2189,23213,-11168,-2201,-14202,-14954,-6018,-23972,-7658,-12686,19372,1818,-585,-22418,-17925,-10466,15586,-1522,26304,-3779,-32748,
31117,-205,17702,20982,30316,-766,30740,29697,32498,26807,7582,-2245,9453,17870,17660,642,19157,32598,32600,26030,31714,-10695,30746,18784,7543,32715,32600,32338,18610,30691,7758,20209,10269,-32767,27574,-25169,12435,-32759,-11347,13849,4193,18844,31878,-32690,-31374,27465,-27601,-32761,26584,-3327,3308,19904,8243,30973,-11332,-26849,-31887,1849,3308,5286,-26970,-11478,-31836,25794,
8522,28630,-3055,31105,23948,32569,32732,28687,4196,31405,-17263,-24703,27326,29806,27838,19594,22399,20699,15329,-12571,11635,13084,-3999,12699,26041,20539,27468,11511,29196,32101,-22858,31753,-31640,15938,-32625,10306,22365,3604,1521,-15835,-32498,9350,27851,-21528,-18083,13613,-17285,26264,23917,-25401,28961,30260,30632,-30042,32523,30206,19888,-25531,-17866,30679,-14876,6577,-23478,8091,
29735,31473,27227,27792,-6749,23131,22994,32597,8686,30240,32720,31456,26680,17589,7126,20319,-595,24167,-9173,20762,16769,30811,24827,30606,4039,14215,32705,32358,-5363,20972,19679,-10414,-13766,9118,-18231,-17358,32065,23209,-23344,3340,31595,12618,1770,-9176,-19023,-27647,-31983,25707,32762,22128,-31457,25351,-28151,-11153,21385,-11704,32518,29524,-2014,-5166,32326,25177,-26200,31068,
30863,32749,31509,31191,11166,32767,664,11988,5249,21115,32333,13510,28184,26425,30618,32455,28338,5820,-7437,32650,8918,-4061,26423,29312,9076,23391,24514,31371,23352,22642,13993,14500,11008,1096,-8994,-10040,30806,-72,-32761,30496,32344,-25057,5318,29853,16714,-19376,11672,4516,16452,32246,31912,2766,31530,-32515,-19378,-14647,-31485,22947,21744,9463,-22987,23687,29629,-29384,
-29691,7697,29883,27587,9292,32626,32286,32531,-3002,28792,26425,32231,29019,16426,29474,30449,-25553,-25731,20919,27507,-30509,19867,30273,32147,-19500,18726,11034,-25605,-3694,-1066,27950,24591,-13862,-31851,13442,-17682,-31422,3046,5594,3931,-32630,-15643,-19376,5904,15218,-28353,-14318,-12105,-20512,20289,-25221,-17807,11955,26058,12540,6349,-26334,26890,-30854,20447,-32559,-32750,-17103,-21656,
-30524,14055,-3251,16989,-22530,30452,32704,16676,-11937,32581,-1349,32719,32575,28666,23217,32433,21564,28694,26130,28760,28829,32760,20929,32694,4400,9996,32172,13497,32255,-23305,31457,-5911,11915,29600,-32606,-28019,-23792,-12098,-2034,-28206,30516,-3488,32740,1776,3547,15873,23123,4671,-24672,15822,19771,15702,-15575,705,-25212,-2192,32471,31205,6218,29858,5770,-23034,9173,-32230,
7180,30779,29190,20143,20319,2883,11903,21450,15308,25317,32674,25318,30889,30979,10728,-1121,28570,22295,16316,29002,29233,31310,32405,28411,32705,32577,24312,19488,32514,25026,32029,32767,-31971,11241,14887,-25845,25707,-32640,30529,-24770,-28972,-20803,-2469,20801,-10936,10678,30961,32748,16046,-24013,28416,-15250,14804,-9662,4862,-16325,-2019,-3529,-21969,-26342,-4068,-21152,6919,118,
-32581,31313,11480,32048,-8577,32736,22789,32296,31928,30979,29166,5782,19698,-2115,15525,7204,31685,32108,8033,31840,25940,-4903,1274,32503,12548,27460,23101,14282,29979,-2654,-19357,17838,3488,-9654,-30691,-6827,-31625,-1435,23545,-5539,7368,10676,-14934,-32253,-26185,-32699,28856,31966,8353,6541,31767,7739,-20020,-32398,32743,4153,30270,-17879,23239,29491,-13228,32660,-26439,27487,
24518,32759,32696,-4185,32695,18770,16210,32167,14894,-23378,-18864,4748,32767,-10805,32748,29528,-12508,17509,28479,23335,-4772,32218,28241,-16909,18102,28344,-12596,19741,20891,31866,10299,29080,21739,749,2167,-32499,2185,26858,28477,-6242,29187,22960,26793,32422,174,-30935,-1141,-14206,30286,-27697,-16206,23004,-32418,5977,16617,28067,27313,16441,-30249,-26153,25244,7632,31107,-15101,
32702,31649,26039,26903,32747,-5461,24001,21234,32413,29031,22596,20526,13709,32741,28693,32304,5365,26798,32758,19739,3280,31668,23758,28083,11304,13326,-12298,32766,27655,32391,-14368,28451,-2064,-8487,19892,18707,1162,32309,-22308,-24956,4805,-15196,23730,-25542,29762,-1323,-15824,5492,32325,-18856,796,26154,32603,-8415,-22566,16883,-30756,29935,-30372,324,17575,-4953,29449,-16256,
24748,-5847,31030,32540,-19996,29782,19423,32234,-21726,26136,24714,32744,29820,25121,11136,14261,28806,25907,32337,27262,25185,7023,30803,25984,29759,21419,-1752,31405,30479,32370,32743,31355,21476,-32242,10527,-3851,25959,-13666,-26390,5887,24529,19764,21516,1237,13581,21039,-30817,-29501,15618,-20063,-5297,18180,20962,-32006,11174,-19963,-13715,24798,32721,9350,12029,-5087,-1274,-9516,
32082,31440,15368,25080,32689,-1851,9737,9817,-30319,16745,17550,30626,32232,32302,32538,30171,32655,22036,26939,6280,28586,13162,25108,21141,21994,19178,32402,21129,31519,16639,17743,32346,-6669,-9233,28940,21088,-2266,-32715,-31287,31262,12428,-28166,-27671,-11652,5899,5505,3874,12782,2711,-24251,-18655,32160,-16016,-30008,-21054,-25035,-24289,26569,-4877,25045,-8959,28228,27548,-5238,
32515,22081,17536,31583,28640,32315,28788,31739,32455,7509,29730,32402,25937,884,18807,24218,731,30452,31565,-9068,32557,23706,-14209,31837,32240,2117,-12684,30216,30780,30994,23811,17051,-4057,-24210,27680,8729,-15919,5425,15651,-8144,4517,31895,13778,4882,20025,-32756,26833,22072,-32759,12098,8794,31488,3707,-22621,29526,-7753,5856,32699,-30213,-12677,11239,10633,-22511,27982,
2654,18274,26068,28845,31861,30475,-30753,32084,-10812,18546,28434,-11963,27332,622,30882,20367,-9444,14413,30683,-10521,31906,31746,-7243,-170,12895,31349,-3771,28141,31387,29128,27115,32763,32660,-27199,-19854,15545,7655,12040,11313,-6656,-30932,-27013,16285,-30506,18073,-32762,-10956,25668,31377,-29427,11501,-31033,-7464,-8116,-31957,-32767,30123,9537,-32550,16786,-9411,15009,18397,520,
5277,13193,31691,2869,31783,31927,24470,-19324,30609,32056,15089,1536,-1495,21202,32277,1296,32474,25740,30755,-6763,3566,-2552,25896,-8264,32716,11748,32644,-6475,32202,-16273,-17194,29024,32340,-29994,8330,-32642,7973,-7373,21792,-26463,-11696,6789,-29086,32731,-32733,24983,-5650,-32742,4378,20277,-11307,-32062,-32573,-32668,-20077,31708,1833,30589,-2844,32121,6062,-28441,27893,-15208,
5013,28213,19210,17142,32687,13417,23454,23421,21672,26695,31936,28007,32762,32422,26739,28683,812,22939,32481,19782,-31672,32226,23491,32086,-16543,32765,31232,-10763,27470,32273,8394,26386,32382,-16665,-26546,-27926,2293,-29894,-22882,-22916,-24577,-19001,-7336,17010,615,-4746,18940,15842,-32757,23399,4324,-26122,-8400,-5930,22845,6646,-28284,-388,9914,-30949,17864,-5674,31674,19428,
25653,-13714,8075,29548,26884,-14357,21953,5786,23643,28565,30118,-13931,29839,30354,21281,21274,29739,16658,-29244,-13574,32731,26751,22346,12983,10788,23075,30918,15538,30895,32761,25063,6714,20386,-29759,-31757,-14164,-18733,29455,24326,-32253,-22687,16054,-12908,29659,-13539,-12344,24916,-24922,13757,28217,14782,-29824,-1554,18924,-23965,-30086,30941,23265,10851,-28849,10917,628,-21108,-32072,
11644,18679,19725,32571,11180,-23247,14030,30354,14049,32765,28307,5030,-14642,8252,5022,30472,32594,32761,32767,30700,29325,30470,32762,32529,32767,5453,15819,12028,25626,21378,17160,27070,-30629,26922,26165,3586,-30801,-23093,-29612,-12343,-29603,372,16504,32379,-29314,31711,-32380,-12049,3367,-669,-247,-11454,-14619,-12053,586,3942,87,-32310,28696,30480,-20420,-24833,-27915,18464,
24694,28435,32767,14018,31140,28598,4777,28345,32667,32736,17512,32765,7860,22912,32115,23109,27581,26689,24843,30931,27469,25103,25995,4159,29368,939,30968,31362,28155,32759,32721,32071,21538,16283,1,29618,10198,-15995,-32417,16440,2559,-1440,-27695,376,-31811,-23425,6508,23230,-17692,19011,21366,-10816,-17865,-21060,19948,-32502,-14533,32754,10709,-9493,-16763,-751,1739,-6718,
-1946,32761,32718,31400,7404,8080,24690,1556,-16729,-32162,15182,19351,31105,32467,32141,31321,28864,-7542,29324,31745,21725,31264,10092,27367,-16632,-6641,32679,32744,16583,27001,31851,-17643,32710,-656,-1798,-9368,-31920,-31756,21543,32730,28175,6268,29038,-26443,-10304,4424,6375,9627,15509,31888,-14621,8120,-24530,9812,31174,18021,-28232,-32087,-2405,-1250,-28261,-18564,-7694,27612,
28929,32748,20082,9972,16808,26358,23343,-7396,24724,26476,-6961,-5482,22224,29949,32394,32329,24903,32721,28307,31435,-7993,14831,19666,32229,30503,32077,16368,19748,17779,21132,32703,26109,15389,-1139,25893,31213,-28128,-19466,-22996,31922,-21504,-19306,32019,-32306,24079,13295,-4933,-5341,-21297,1735,-16505,9249,-31777,29219,-26210,-5913,11969,6691,28387,26148,27525,25043,-2054,-19799,
16737,22872,27144,29133,7775,31126,31145,32544,31487,32731,31267,32763,31910,22357,20553,26919,7239,32250,30828,25351,28408,29554,32296,32739,31788,30823,-15365,-19889,32756,27573,9673,29871,28170,-23464,18355,14998,31832,10240,10182,-3821,-9071,-1535,-9801,556,-7447,23955,25520,18683,-31958,-5798,-11106,-20761,-16330,-14152,-5539,1376,7953,-11119,28942,26041,-853,-17705,31307,13468,
24485,17186,30779,12660,29934,32456,5358,31102,12890,-29382,32766,31984,31647,21518,30618,-2085,-5979,-6564,27683,22514,32341,29263,29190,30646,30907,13116,32756,8705,25946,8617,31970,32540,21775,27899,11242,30223,-13328,4509,32326,-10313,30125,14505,-284,7124,8495,-24711,-11671,32701,-32217,32103,17532,-23808,5266,-14744,-14889,11599,10883,-30028,874,-31590,-20012,31614,7187,3853,
31270,32477,10324,32504,32445,24834,30166,22414,11481,13484,28651,16423,20420,30698,22206,26602,30623,-26423,22793,22984,15967,4409,32554,21534,15500,30937,31824,20137,25525,32738,-3050,15421,-9791,-4352,31098,4148,-4582,-21377,12794,23902,30690,-29864,15900,28355,-25626,11461,-24096,-19132,-11660,-19378,-23541,23355,-28614,-32469,-3735,24698,-28870,10798,-7805,-25850,20546,-1396,32625,-28912,
31363,24752,19595,25950,20373,23364,19598,28909,28980,27884,11774,19034,-18135,-30268,31527,7173,26533,29411,-9123,30406,29498,18314,30556,22598,24414,30976,16630,32669,28584,20483,32737,20990,9491,-21471,26263,-20008,25664,22975,26260,15426,15292,17211,30579,-26672,-27291,12552,8929,-31973,-19228,-14447,-31472,-12213,14267,-27171,11833,-23728,-21855,10687,28233,-2536,-16020,25576,-1407,25161,
23126,7132,31830,2925,31303,26623,-1146,23632,16981,15546,28403,22951,32623,1893,29364,13018,29644,-24824,32721,6496,31556,26935,26695,3393,19947,5207,28642,32767,29562,-21459,32477,-19973,-23214,31982,7781,-32637,-9687,19103,-32747,22698,28024,-28845,16339,23387,3072,-32713,14541,-30071,13961,21389,1742,-32117,-8828,18661,-19002,-32591,-25997,32351,-15917,16,14134,24763,-4352,-25976,
20665,31943,25264,32372,16887,26137,25855,23334,21111,16851,30218,32684,19029,29730,31995,19212,2231,29193,29696,32766,32599,32556,22826,32591,-7047,32461,2870,32581,1773,32694,22989,-12011,25429,-7303,-20867,5074,28081,19762,20130,23004,25060,28102,12671,2338,-26676,13778,-7071,-26544,-32691,-14882,-13850,337,-3318,-3716,23508,-3398,32001,4470,-32642,3494,32719,2188,23350,-30487,
13472,27245,26055,22389,30836,29844,-17619,2961,30409,31026,29022,23440,12706,31906,22920,25659,32060,27757,31491,32087,4627,23648,29829,22285,22345,27451,32582,31181,19385,2494,29835,8462,-29870,-18204,-19871,23925,-11084,-13529,27627,-32633,-12207,10541,-15213,-22897,30204,-7462,23417,-20379,-6774,-17415,9055,6642,-32439,22682,13561,-24023,-23967,17892,-3482,-10073,26418,32672,13548,-31656,
15765,31364,12114,31375,17350,16344,28086,28099,29800,26043,31893,23429,-5359,22184,1728,27468,2150,11061,32650,30038,23651,25686,29180,29853,32136,31804,31787,11271,32348,15661,32048,8587,-28726,-9487,30446,-9451,27797,28400,16879,16857,13627,19886,-7518,22908,32326,-24115,-32722,17866,-32697,-30844,2769,-13092,-22679,20345,-14908,13510,-6404,7887,7956,30768,-5225,-28782,-6827,31622,
22605,21677,-1344,28092,26490,25872,980,32630,31312,31502,26794,31618,30530,22066,15591,-16138,-7755,22994,24437,25814,30050,30481,31528,-9177,20620,3373,32420,20122,32555,-8187,-568,18144,-23722,-24573,-32740,-16869,19287,20108,-32753,-2995,-9656,-9019,18862,8602,-11901,-24224,-28821,-28518,31837,23344,21830,20182,13065,12025,8928,-31456,-25466,32593,4760,-25861,-3722,31728,-32763,27285,
-32132,14272,32758,31219,32027,-26422,32094,23745,20372,31787,-3664,31866,12091,28789,-32689,31859,32544,-16823,20349,31936,23065,23600,18137,21414,20091,13964,14332,32088,-11737,11615,14383,10289,-6423,-29496,-801,-9953,-6927,19379,-6610,-22580,-25665,7954,32562,-7633,30455,15649,-2273,7660,-3824,-28119,25683,7335,-23275,22732,27290,24802,25885,29643,-29467,6637,30593,-30640,-29442,-31110,
4326,-26752,-12094,14962,21237,15920,28757,25197,26385,3215,27615,-9886,18963,-22211,28413,23331,11069,22843,7953,32028,32340,1550,17894,31241,32765,32766,27101,17986,32291,32697,26728,32240,32481,18921,-30454,-29152,-24954,28640,-15708,-20948,19430,32609,17638,31240,26723,24091,16321,-23008,30841,-23492,-31788,-6921,5273,32731,27450,9883,-401,349,-18419,27390,-5569,-2141,18955,-5858,
31050,-2772,17135,28865,16499,13177,30393,9349,32693,-21217,11689,26872,5083,22974,17951,14876,28835,27640,1513,32736,-12974,27466,25720,14524,32681,32515,25490,30488,31293,31033,28046,24122,10469,32650,27930,-15508,-28310,30001,12246,31405,2208,-24971,-30612,18751,-32371,-23364,-27413,29196,15564,17599,-32733,-1442,30089,17870,20302,-29372,2383,4063,-20591,12008,9720,-10520,16944,-22177,
23865,31230,21336,32234,31580,32722,30025,22599,32196,-2046,29743,32568,32749,28089,31723,21489,20147,32767,28718,29388,22940,29839,32698,31132,19341,-6787,18925,26628,31042,13410,3365,31880,-22453,9919,24869,-5890,-8742,1735,13122,-23727,-6095,-32704,13751,-3606,-1092,16874,-8206,-24737,25842,-47,15779,14493,23397,13539,-2128,-10221,26450,32057,26749,-19096,10493,-29898,-32594,7573,
6525,10110,32767,32733,29672,9131,30110,10741,31383,29980,32629,31514,31657,27779,17448,32767,13259,26594,31241,29627,16662,32737,26667,21923,25577,31832,32488,32530,19725,8511,32532,-16580,32111,-31169,38,1501,-13902,-31469,12926,-30957,9424,13225,-3014,8975,8459,-17379,27736,247,-29965,19143,9883,-13999,28215,-1406,-19041,24353,20482,-7772,-4273,3940,26165,-31643,3919,28263,
-4595,21242,32685,32701,30069,30536,30623,32015,18042,25991,31796,32643,28387,-12934,32725,19390,10097,32506,19348,16163,-23266,10572,31948,-24740,23157,21428,26097,31131,32011,26157,28283,20962,-32444,-24949,-2319,-2088,-13021,-11886,-11659,6980,27353,-19954,-7918,2848,16366,30107,1670,-26415,31173,4132,-26445,-28504,23074,-31015,7282,21486,23183,24790,19815,-10226,7000,19736,16547,-25185,
32596,32258,-25980,26833,18155,23801,27058,-13956,30270,31339,31983,32275,25545,28026,29640,25447,3866,25461,10723,32372,12621,28678,29272,30769,-17459,20919,27072,27050,30594,5917,12626,-12093,-3344,-5754,-19968,18807,27278,-22522,-18482,29647,12546,-9569,-7125,5659,20522,16978,-13970,-20644,32539,20626,30963,-5077,30239,-15852,-14727,-11269,-27728,-25221,18462,-18493,11734,-32229,-30237,30454,
31817,23030,27388,32572,31326,27693,27235,32757,32149,2418,20884,29454,25594,32456,21663,31665,-15882,9162,32750,32495,30210,31043,30977,6151,31978,23707,32162,7075,31082,7473,17753,29284,-7835,23309,17989,3574,-9611,-17515,-18219,837,6334,-32678,-25250,14358,20461,-4504,-24584,-8428,-28661,-31461,1081,4220,12692,10489,-10682,32185,7148,-22620,-6268,31994,10374,-31904,-27541,-14701,
31112,7750,-19083,-7891,13574,27847,21539,31223,31493,20244,31096,26979,25512,26671,31825,31914,32258,31991,32518,28607,-12168,14528,19725,21362,18624,21309,-13061,32129,-29468,14014,12055,26048,10283,-31838,-26637,31803,29824,17270,24694,9943,9048,-25766,-10332,-18597,20563,19036,-7800,-7431,-5753,7089,4038,15980,30424,-29370,26165,-24846,26960,24892,-30052,-6435,14329,29619,30469,-19880,
31177,-22552,-22299,31185,28245,27818,-9125,19372,32725,30127,23193,22899,31180,32767,26990,28358,26044,138,31546,32753,20249,29241,4045,32069,30781,26119,30633,27445,20977,32767,-5959,26865,10085,-23772,-24009,10059,-16611,-17316,-31471,-26428,1677,-12886,-23147,-23438,-10076,-182,18581,-16418,-19885,-32767,8864,-986,-25762,14787,32517,6731,11235,19786,11633,-17902,25173,55,-32221,18761,
21257,3977,32663,-7588,18454,20494,32066,-3382,23422,24509,30609,30659,30439,14652,1786,14030,32367,23219,23882,29400,25435,31077,27121,32065,20322,16073,24978,23842,20966,30434,29555,24868,-24937,-32525,2616,31877,27077,-25568,-6744,32592,-22915,-21749,-11695,11563,12131,29309,-32719,29612,5108,23121,22435,-14469,-20659,10388,18389,-6750,25704,28554,21208,-22478,-25182,12144,14150,21337,
32753,30962,19101,24567,28399,30060,31577,32512,23138,21217,32542,-10130,-20657,32205,32691,27933,21620,31200,1516,27112,-14179,32604,-15203,30889,-17138,26415,23917,32527,11339,20334,18305,31493,-984,10727,-26625,-21683,-16345,-13041,8752,4084,23202,-24971,3833,31162,-25436,-6046,-2237,17131,-24622,-10013,32732,18402,29541,3272,29027,10935,27928,-19389,-22398,3961,-30743,-25695,27178,9049,
32323,30290,30032,28329,32258,32344,26031,28270,5281,29895,32271,31237,12834,14234,23240,-9192,31500,25980,31649,32557,29443,31290,1360,28786,10376,17205,32763,2453,-1442,32135,-7165,3380,-5378,12499,13106,16467,5756,-5249,-19902,16568,32339,-13416,5683,-9896,-30150,-29514,23100,31452,9025,19969,-8486,-3712,14380,9728,-32739,-15655,31081,27887,-554,-32675,-32736,-6407,-31974,-32593,
26521,29481,25541,31664,18503,30060,29106,19005,28204,19255,32008,17352,11813,31777,4899,31516,27098,28147,-5216,22664,32738,32758,32759,4877,14182,32284,29623,-2467,-8717,31236,32490,25244,19244,14302,20527,-8431,27043,13041,15050,-26693,-16681,-26513,-7011,-27796,30564,7994,-32399,-8970,18423,-16775,-32350,23666,-1379,780,743,-32402,-29539,5605,-14006,-32674,31587,9900,-4253,-20891,
15059,32490,21435,27041,30000,18990,32684,21526,-11450,7435,32387,31840,25871,319,25697,15829,31791,31014,17331,32635,29388,32760,32619,31574,22112,32731,-4265,32160,22380,32309,12626,21180,29102,-4257,24784,18506,-13180,-26704,-2335,24705,30702,31913,-4981,-7742,-20109,32766,20332,28690,7939,10576,27809,-2938,14493,-722,3117,-8764,-24182,-1555,32489,6281,-23934,5461,-30237,-25002,
14591,32216,25247,27156,29670,31132,19371,30318,32260,18022,32749,29004,31025,11976,25412,-16521,32538,16188,19649,32767,31631,32766,-1432,29651,32525,-3869,32752,9087,17920,-7064,32635,28557,29339,5985,-20887,18337,-13905,10224,-26429,12432,-5745,-27366,1103,-15248,10542,-30500,20686,-28298,-3868,28489,-26223,-206,-8555,-286,32736,13947,-3980,32538,-1001,-31482,27433,31997,2943,-16068,
21288,29123,29514,-18911,-13737,32668,32342,13205,31799,-8016,29386,31028,2052,31810,20824,26312,9099,-13028,10528,32629,31381,19604,28736,28659,26232,4369,32089,30183,28209,26591,29891,23247,-24910,-15019,14234,-26759,29749,2553,5264,-29989,-7908,31772,14496,-10535,32703,-7863,-25300,19529,-31479,-30066,31030,-3005,-9432,26256,15746,-15886,-19636,32475,6635,-12755,16673,-19148,-13426,-23093,
32670,21328,32602,7908,19034,7992,31596,32742,20430,30497,9343,29132,20652,17571,2170,30533,32713,-9576,27237,19819,30347,32634,31064,32212,32665,-20611,16366,23400,1443,32400,-2623,29842,2532,24876,3291,-31799,26672,31778,-8682,1301,-25619,-11984,31407,15001,-25440,27658,-32696,11894,1885,-31337,-18216,-26094,-12360,-2959,-10427,-6006,-2584,-25473,-28387,22937,-32736,-4895,-32662,13534,
11441,6802,22209,4240,29757,32026,30053,29497,23009,3892,26667,32491,18812,-11215,29741,30500,28421,-8473,2596,19669,27866,-28749,27863,30155,11010,30707,24300,19795,-14313,22060,26707,17385,-30705,-32054,24093,-32492,-13719,-6932,-13057,-14270,-23330,-32536,19041,-4248,-26829,-30788,13753,-11976,-16308,-31653,32664,-26207,-17238,-15722,17245,12820,30862,11435,-21982,26112,29476,24229,18985,27775,
14467,29433,28169,30157,26107,32472,24821,32572,18981,26694,31430,27148,28870,26565,22634,25160,9425,21660,22688,18760,19227,28971,26235,28118,28249,21620,6966,860,27896,19111,27115,31743,-29401,14401,16739,12816,19803,-4393,-21392,3572,-26710,-19004,-9265,-18349,-15500,19184,23693,20992,-31383,24587,-23642,-26866,-26533,-15310,19633,16825,-16603,-24623,-32018,32756,17191,26617,18398,-8128,
32767,21658,20423,3290,30666,12743,32706,31744,30737,19471,27081,29594,29632,23909,27428,20937,32716,30114,14494,-6960,32709,32140,32223,24339,31435,31308,24448,17440,-8086,-12849,26698,27862,-224,-24590,25624,32602,-11545,-30188,2012,-8124,11356,26355,18448,-14068,13988,22406,17928,25205,-1841,12916,-29388,32020,-1959,6380,5951,-21939,-9247,-9669,21817,-27741,31754,-30143,-18997,17245,
1250,30947,32483,31033,24937,6044,-8908,32178,-859,16135,31785,8051,32083,32024,23687,16768,32050,25010,18875,32113,27504,18800,-14449,31595,31922,26395,26910,21460,30863,30283,28307,23776,32744,-10769,-4310,-10519,21256,-32205,-31533,-6185,32756,28519,-7965,-31763,-6662,6942,22642,28152,-6820,-21171,26785,-6516,-17811,26838,-29409,-8688,-7393,-19417,18696,24762,11009,-12514,16505,22547,
23532,27887,32413,22538,5057,31200,30202,16787,28314,32348,-6828,21390,18312,23519,12417,29922,32165,2349,6758,19315,4213,6203,17063,21114,25591,-1758,22155,31049,32241,25547,7357,32474,-22803,17205,-4806,23785,32375,10012,-12710,-28141,16493,5227,-32048,-24822,-27173,-22816,-30323,13355,6256,32683,-32063,26470,32495,32175,27974,25058,20464,32720,-24142,10472,5852,-20520,-31931,4372,
30534,16613,17489,28011,-1104,31753,28045,31070,21522,31423,-22962,5149,-70,32767,27339,27024,17915,32457,25467,30790,31863,19287,-30781,30991,16677,10609,-31717,10256,17168,32763,10805,31558,11891,28244,27710,17002,-32749,-8090,-16946,-10410,24708,9288,-23377,-32360,-32767,-233,18062,18531,27436,4500,20619,11210,7646,-26490,11234,10641,28206,31002,8232,31121,-27910,-524,-30935,-8821,
31937,14346,-17207,16257,16901,28697,20062,23603,7436,26421,-4663,28501,30547,32625,27409,25602,27476,-525,29677,-9322,17111,23731,32571,7243,32402,27844,19874,31977,32744,28514,13282,28061,-7329,-29460,-27886,-28450,28072,15817,-25908,22729,31912,19381,-32434,-16167,-11857,3049,-17957,-20451,17854,-32763,13892,31413,27945,22595,3580,-31957,-4879,17274,26053,7156,1231,16144,-29955,-16921,
14354,10000,28684,30213,3689,20556,26032,-5668,-26242,3654,31851,15296,31969,19451,27739,15004,8582,17173,32432,19666,32448,31844,637,751,31134,24990,30106,22469,32460,29579,32572,12992,29456,31204,-15841,12683,32559,-25517,19901,32273,-19622,-32563,-7697,-28978,-7187,26369,-17443,-29131,31624,-27907,-4678,26210,-4567,7722,-32761,32759,-10216,21195,12934,23850,4479,14100,-3575,-30082,
15181,25883,9689,23933,32731,-10857,24324,13069,32309,27378,26676,24910,28185,25815,488,31601,24433,6045,30875,11046,32659,32059,30723,26733,19495,29388,-11093,13700,1629,13656,28368,31549,-29038,20094,-31302,-22381,1554,30917,-21956,-30048,-5464,-18004,-19029,-21288,-16712,20181,-32764,-8664,-21835,-32205,-10975,-30850,-2669,-6778,-11393,-18949,26337,14493,30832,29766,-32727,29786,-16400,-8851,
32750,32692,30398,1785,-5720,32523,28094,-23656,30747,-8403,24631,31288,31649,30778,14857,32199,21265,18930,-15335,31029,10075,32757,5616,25092,24564,25397,-25357,30029,32762,29538,-10943,32352,1066,-2222,-12232,32719,32264,3995,16864,22673,11328,-31672,-21610,-9735,-8486,-11243,29206,6077,-24930,26746,28958,-10532,31180,810,32283,-21073,21687,20705,-20754,-13113,-619,14184,30886,5204,
27892,32145,26112,32750,32373,16388,18365,1464,24694,29518,32740,11860,14997,-1607,32267,19035,32620,27023,30496,20582,3345,32755,28542,4806,28940,31738,32632,29346,32332,31151,32685,32198,17197,-6356,19796,-1066,5071,28375,27137,32735,21538,-14226,1331,-30546,-29134,32728,5707,26671,-3105,-18532,-11987,25497,32596,-920,-16095,-32413,15368,8147,-2979,-14578,5325,10165,-2328,-6082,
14845,31995,22217,-2135,10732,31927,32365,32303,8612,19079,25906,32761,27948,32725,17604,23051,6110,12727,32177,31416,32750,32445,-11124,32571,-32513,32247,32758,7844,24610,19177,27730,31993,29212,-7074,24085,32698,-30960,-7372,-5119,5495,-31616,26640,-20064,-634,17105,-1664,27637,-23288,32193,-30195,-6195,9313,1079,4584,30821,-3585,-4072,-5818,-808,-31815,-21635,26569,17456,7083,
